#	t	100	500	1000	1500	2000
0.017382	0.000100	0.000058	0.000047	0.000045	0.000039
0.052147	0.000677	0.000467	0.000325	0.000268	0.000217
0.086912	0.001885	0.001244	0.000965	0.000717	0.000527
0.121677	0.003617	0.002360	0.001749	0.001223	0.001045
0.156442	0.005781	0.003855	0.002788	0.002144	0.001561
0.191207	0.008171	0.005650	0.004018	0.002996	0.002368
0.225972	0.011007	0.007336	0.005357	0.004088	0.003043
0.260737	0.013843	0.009417	0.006940	0.005097	0.003897
0.295502	0.016692	0.011303	0.008367	0.006238	0.004748
0.330267	0.019285	0.013303	0.009719	0.007369	0.005703
0.365032	0.021662	0.014907	0.010963	0.008426	0.006625
0.399797	0.023705	0.016521	0.012261	0.009228	0.007321
0.434562	0.025194	0.017789	0.013526	0.010305	0.007853
0.469327	0.027055	0.019028	0.014251	0.010919	0.008820
0.504092	0.027961	0.019730	0.015171	0.011697	0.009326
0.538857	0.028588	0.020354	0.015680	0.012233	0.009562
0.573622	0.028937	0.020941	0.016266	0.012407	0.009914
0.608387	0.028871	0.020968	0.016257	0.012788	0.010231
0.643152	0.028472	0.021257	0.016382	0.012942	0.010281
0.677917	0.027846	0.020819	0.016375	0.012877	0.010450
0.712682	0.026877	0.020591	0.015777	0.012663	0.010381
0.747447	0.025793	0.019989	0.015496	0.012695	0.010626
0.782212	0.024712	0.019193	0.015108	0.012510	0.010025
0.816977	0.023825	0.018314	0.014863	0.011895	0.010198
0.851742	0.022642	0.017680	0.014264	0.011682	0.009962
0.886507	0.021077	0.016828	0.013870	0.011366	0.009306
0.921272	0.020002	0.016122	0.013280	0.010871	0.009074
0.956037	0.018825	0.015260	0.012464	0.010478	0.008621
0.990802	0.017555	0.014431	0.012001	0.010168	0.008487
1.025567	0.016514	0.013967	0.011641	0.009868	0.008258
1.060332	0.015764	0.013154	0.010856	0.009295	0.007643
1.095097	0.014716	0.012503	0.010538	0.008946	0.007382
1.129862	0.013811	0.011793	0.009953	0.008428	0.007118
1.164627	0.013267	0.011267	0.009560	0.007942	0.007088
1.199392	0.012283	0.010524	0.009199	0.007856	0.006801
1.234157	0.011773	0.010051	0.008554	0.007288	0.006355
1.268922	0.010968	0.009618	0.008425	0.007205	0.006267
1.303687	0.010246	0.009112	0.008024	0.006784	0.005749
1.338452	0.009825	0.008797	0.007430	0.006551	0.005645
1.373217	0.009236	0.008197	0.007235	0.006341	0.005508
1.407982	0.009035	0.007978	0.007036	0.006013	0.004898
1.442747	0.008486	0.007672	0.006605	0.005905	0.005062
1.477512	0.008072	0.007351	0.006407	0.005600	0.005071
1.512277	0.007640	0.007108	0.006084	0.005617	0.004792
1.547042	0.007321	0.006808	0.006136	0.005078	0.004713
1.581807	0.006984	0.006483	0.005828	0.005134	0.004530
1.616572	0.006808	0.006265	0.005646	0.004781	0.004336
1.651337	0.006402	0.006160	0.005347	0.004841	0.003920
1.686102	0.006279	0.005855	0.005097	0.004614	0.003887
1.720867	0.005975	0.005733	0.005002	0.004441	0.003917
1.755632	0.005794	0.005394	0.004883	0.004136	0.003640
1.790397	0.005571	0.005361	0.004793	0.004179	0.003573
1.825162	0.005438	0.004997	0.004517	0.004016	0.003663
1.859927	0.005072	0.004990	0.004536	0.003896	0.003330
1.894692	0.004983	0.004786	0.004352	0.003823	0.003346
1.929457	0.004894	0.004637	0.004269	0.003871	0.003254
1.964222	0.004702	0.004445	0.004042	0.003596	0.003066
1.998987	0.004527	0.004457	0.003879	0.003541	0.002990
2.033752	0.004300	0.004195	0.003851	0.003407	0.003090
2.068517	0.004243	0.004167	0.003661	0.003302	0.003124
2.103282	0.004160	0.004057	0.003615	0.003285	0.002911
2.138047	0.003943	0.003842	0.003538	0.003171	0.002856
2.172812	0.003910	0.003866	0.003321	0.003148	0.002683
2.207577	0.003722	0.003756	0.003280	0.002976	0.002810
2.242342	0.003729	0.003635	0.003070	0.002855	0.002652
2.277107	0.003569	0.003456	0.003199	0.002987	0.002715
2.311872	0.003438	0.003467	0.003189	0.002819	0.002743
2.346637	0.003345	0.003470	0.003083	0.002798	0.002569
2.381402	0.003266	0.003315	0.002959	0.002668	0.002458
2.416167	0.003183	0.003267	0.003051	0.002764	0.002541
2.450932	0.003110	0.003217	0.002997	0.002680	0.002414
2.485697	0.002979	0.003154	0.002824	0.002591	0.002514
2.520462	0.002924	0.003143	0.002853	0.002597	0.002271
2.555227	0.002824	0.002946	0.002825	0.002653	0.002306
2.589992	0.002807	0.003012	0.002746	0.002460	0.002347
2.624756	0.002667	0.003021	0.002721	0.002575	0.002412
2.659521	0.002689	0.002996	0.002822	0.002654	0.002488
2.694286	0.002615	0.002879	0.002731	0.002500	0.002271
2.729051	0.002633	0.002860	0.002713	0.002579	0.002299
2.763816	0.002577	0.002790	0.002700	0.002498	0.002333
2.798581	0.002525	0.002802	0.002691	0.002586	0.002248
2.833346	0.002427	0.002828	0.002721	0.002589	0.002467
2.868111	0.002391	0.002731	0.002616	0.002525	0.002500
2.902876	0.002479	0.002884	0.002673	0.002654	0.002528
2.937641	0.002368	0.002738	0.002679	0.002534	0.002502
2.972406	0.002301	0.002723	0.002749	0.002574	0.002521
3.007171	0.002375	0.002755	0.002606	0.002514	0.002280
3.041936	0.002258	0.002794	0.002767	0.002560	0.002417
3.076701	0.002241	0.002655	0.002796	0.002633	0.002470
3.111466	0.002137	0.002765	0.002687	0.002563	0.002530
3.146231	0.002125	0.002685	0.002692	0.002674	0.002407
3.180996	0.002169	0.002732	0.002735	0.002589	0.002514
3.215761	0.002098	0.002699	0.002678	0.002744	0.002495
3.250526	0.002104	0.002686	0.002690	0.002722	0.002541
3.285291	0.002008	0.002729	0.002778	0.002759	0.002518
3.320056	0.002011	0.002662	0.002802	0.002594	0.002821
3.354821	0.001996	0.002621	0.002742	0.002835	0.002701
3.389586	0.001994	0.002690	0.002750	0.002648	0.002754
3.424351	0.001878	0.002702	0.002788	0.002835	0.002574
3.459116	0.001923	0.002657	0.002800	0.002905	0.002671
3.493881	0.001825	0.002721	0.002948	0.003000	0.002676
3.528646	0.001858	0.002716	0.002900	0.002944	0.002870
3.563411	0.001815	0.002703	0.002848	0.002949	0.002759
3.598176	0.001772	0.002705	0.002927	0.002941	0.002828
3.632941	0.001759	0.002688	0.002977	0.002996	0.002863
3.667706	0.001733	0.002699	0.002980	0.003049	0.002814
3.702471	0.001646	0.002734	0.003039	0.003063	0.002983
3.737236	0.001647	0.002750	0.002972	0.003080	0.002997
3.772001	0.001645	0.002730	0.002979	0.003198	0.003129
3.806766	0.001620	0.002755	0.003031	0.003151	0.003261
3.841531	0.001547	0.002785	0.003097	0.003347	0.002967
3.876296	0.001656	0.002739	0.003141	0.003239	0.003078
3.911061	0.001554	0.002728	0.003073	0.003360	0.003177
3.945826	0.001573	0.002755	0.003162	0.003388	0.003386
3.980591	0.001537	0.002782	0.003217	0.003569	0.003416
4.015356	0.001449	0.002853	0.003266	0.003493	0.003436
4.050121	0.001423	0.002762	0.003186	0.003579	0.003360
4.084886	0.001345	0.002816	0.003423	0.003620	0.003460
4.119651	0.001392	0.002866	0.003405	0.003626	0.003497
4.154416	0.001417	0.002886	0.003374	0.003718	0.003612
4.189181	0.001381	0.002851	0.003306	0.003620	0.003568
4.223946	0.001341	0.002777	0.003440	0.003618	0.003765
4.258711	0.001316	0.002817	0.003287	0.003771	0.003515
4.293476	0.001244	0.002771	0.003378	0.003772	0.003732
4.328241	0.001250	0.002769	0.003451	0.003920	0.003850
4.363006	0.001211	0.002878	0.003401	0.003735	0.003836
4.397771	0.001179	0.002784	0.003265	0.004025	0.003816
4.432536	0.001170	0.002665	0.003467	0.003823	0.003679
4.467301	0.001089	0.002714	0.003505	0.003715	0.003820
4.502066	0.001065	0.002613	0.003392	0.003741	0.003991
4.536831	0.001064	0.002602	0.003275	0.003929	0.003672
4.571596	0.001047	0.002662	0.003408	0.003684	0.003920
4.606361	0.001024	0.002574	0.003318	0.003846	0.003836
4.641126	0.001031	0.002489	0.003266	0.003778	0.003723
4.675891	0.000959	0.002486	0.003211	0.003744	0.003626
4.710656	0.000938	0.002416	0.003147	0.003667	0.003899
4.745421	0.000889	0.002437	0.003125	0.003673	0.003793
4.780186	0.000853	0.002382	0.003149	0.003598	0.003538
4.814951	0.000843	0.002422	0.002959	0.003576	0.003899
4.849716	0.000817	0.002328	0.003095	0.003595	0.003721
4.884481	0.000784	0.002201	0.002920	0.003384	0.003686
4.919246	0.000757	0.002182	0.003026	0.003450	0.003390
4.954011	0.000788	0.002177	0.002942	0.003305	0.003561
4.988776	0.000724	0.002130	0.002746	0.003325	0.003596
5.023541	0.000677	0.001989	0.002819	0.003359	0.003460
5.058306	0.000669	0.001972	0.002693	0.003302	0.003427
5.093071	0.000688	0.002048	0.002654	0.003299	0.003418
5.127836	0.000634	0.001914	0.002705	0.003032	0.003522
5.162601	0.000610	0.001799	0.002562	0.003138	0.003325
5.197366	0.000579	0.001797	0.002640	0.003001	0.003286
5.232130	0.000579	0.001828	0.002607	0.003035	0.003446
5.266895	0.000510	0.001726	0.002505	0.003003	0.003254
5.301660	0.000533	0.001752	0.002430	0.002873	0.003189
5.336425	0.000519	0.001665	0.002390	0.002847	0.003305
5.371190	0.000495	0.001612	0.002439	0.002907	0.003198
5.405955	0.000464	0.001610	0.002288	0.002734	0.003194
5.440720	0.000439	0.001484	0.002348	0.002747	0.003351
5.475485	0.000395	0.001564	0.002241	0.002882	0.003238
5.510250	0.000394	0.001567	0.002281	0.002794	0.003168
5.545015	0.000425	0.001445	0.002243	0.002685	0.003277
5.579780	0.000374	0.001523	0.002248	0.002662	0.003062
5.614545	0.000388	0.001478	0.002260	0.002750	0.003182
5.649310	0.000396	0.001391	0.002095	0.002733	0.003164
5.684075	0.000382	0.001432	0.002083	0.002648	0.003124
5.718840	0.000320	0.001388	0.002030	0.002651	0.003124
5.753605	0.000353	0.001412	0.002060	0.002636	0.003094
5.788370	0.000330	0.001378	0.002129	0.002475	0.003154
5.823135	0.000331	0.001332	0.002139	0.002480	0.002990
5.857900	0.000307	0.001361	0.002156	0.002555	0.003161
5.892665	0.000302	0.001317	0.002124	0.002501	0.003076
5.927430	0.000272	0.001320	0.002090	0.002538	0.003059
5.962195	0.000276	0.001321	0.002175	0.002677	0.002990
5.996960	0.000283	0.001239	0.002094	0.002557	0.003002
6.031725	0.000302	0.001342	0.002039	0.002477	0.002997
6.066490	0.000285	0.001274	0.002068	0.002575	0.003080
6.101255	0.000257	0.001264	0.002105	0.002488	0.003069
6.136020	0.000267	0.001265	0.002127	0.002356	0.003133
6.170785	0.000260	0.001172	0.002015	0.002525	0.002828
6.205550	0.000219	0.001238	0.002053	0.002467	0.002999
6.240315	0.000262	0.001318	0.002001	0.002420	0.002814
6.275080	0.000244	0.001253	0.002133	0.002484	0.002879
6.309845	0.000222	0.001226	0.002058	0.002505	0.002879
6.344610	0.000223	0.001170	0.002015	0.002551	0.003055
6.379375	0.000223	0.001188	0.002038	0.002477	0.002911
6.414140	0.000197	0.001206	0.001979	0.002517	0.002831
6.448905	0.000217	0.001190	0.002022	0.002401	0.002888
6.483670	0.000225	0.001210	0.001984	0.002432	0.002879
6.518435	0.000228	0.001124	0.001946	0.002514	0.002907
6.553200	0.000194	0.001169	0.001978	0.002414	0.002905
6.587965	0.000188	0.001103	0.001970	0.002377	0.002868
6.622730	0.000172	0.001079	0.001890	0.002290	0.002939
6.657495	0.000192	0.001122	0.001909	0.002259	0.002844
6.692260	0.000195	0.001086	0.001918	0.002397	0.002911
6.727025	0.000160	0.001080	0.001842	0.002452	0.002995
6.761790	0.000157	0.001047	0.001881	0.002401	0.002837
6.796555	0.000174	0.001022	0.001777	0.002366	0.002738
6.831320	0.000172	0.001036	0.001816	0.002295	0.002888
6.866085	0.000154	0.001013	0.001758	0.002249	0.002745
6.900850	0.000130	0.000964	0.001716	0.002242	0.002731
6.935615	0.000148	0.000949	0.001640	0.002253	0.002694
6.970380	0.000138	0.000910	0.001646	0.002097	0.002722
7.005145	0.000135	0.000908	0.001625	0.002259	0.002613
7.039910	0.000124	0.000901	0.001617	0.002216	0.002683
7.074675	0.000140	0.000868	0.001517	0.002071	0.002680
7.109440	0.000110	0.000870	0.001491	0.002053	0.002729
7.144205	0.000152	0.000791	0.001453	0.002070	0.002541
7.178970	0.000108	0.000814	0.001526	0.002108	0.002599
7.213735	0.000101	0.000775	0.001419	0.002009	0.002474
7.248500	0.000113	0.000799	0.001478	0.002003	0.002407
7.283265	0.000090	0.000768	0.001400	0.001898	0.002481
7.318030	0.000111	0.000787	0.001377	0.001841	0.002296
7.352795	0.000089	0.000732	0.001322	0.001795	0.002366
7.387560	0.000093	0.000755	0.001284	0.001760	0.002245
7.422325	0.000099	0.000700	0.001218	0.001733	0.002202
7.457090	0.000091	0.000728	0.001218	0.001713	0.002206
7.491855	0.000081	0.000682	0.001208	0.001761	0.002116
7.526620	0.000080	0.000650	0.001214	0.001681	0.002403
7.561385	0.000103	0.000637	0.001209	0.001570	0.002114
7.596150	0.000075	0.000681	0.001143	0.001649	0.002137
7.630915	0.000076	0.000609	0.001098	0.001567	0.002086
7.665680	0.000085	0.000609	0.001133	0.001638	0.002116
7.700445	0.000067	0.000604	0.001115	0.001666	0.001993
7.735210	0.000071	0.000560	0.001097	0.001599	0.001892
7.769975	0.000070	0.000587	0.001107	0.001499	0.002091
7.804740	0.000070	0.000534	0.001117	0.001513	0.002000
7.839504	0.000058	0.000551	0.001060	0.001556	0.001924
7.874269	0.000061	0.000526	0.000981	0.001453	0.001866
7.909034	0.000066	0.000568	0.001061	0.001410	0.001970
7.943799	0.000064	0.000498	0.001003	0.001434	0.001855
7.978564	0.000082	0.000551	0.001027	0.001443	0.002003
8.013329	0.000065	0.000514	0.001058	0.001406	0.001843
8.048094	0.000061	0.000463	0.001028	0.001411	0.001707
8.082859	0.000044	0.000512	0.001033	0.001332	0.001767
8.117624	0.000049	0.000505	0.000990	0.001362	0.001667
8.152389	0.000043	0.000463	0.000935	0.001399	0.001875
8.187154	0.000052	0.000440	0.000929	0.001331	0.001781
8.221919	0.000045	0.000438	0.000951	0.001345	0.001806
8.256684	0.000041	0.000440	0.000957	0.001312	0.001788
8.291449	0.000037	0.000450	0.001012	0.001303	0.001677
8.326214	0.000040	0.000410	0.000884	0.001331	0.001577
8.360979	0.000052	0.000452	0.000890	0.001232	0.001700
8.395744	0.000050	0.000379	0.000886	0.001271	0.001524
8.430509	0.000050	0.000398	0.000941	0.001252	0.001586
8.465274	0.000055	0.000346	0.000886	0.001294	0.001533
8.500039	0.000045	0.000403	0.000909	0.001255	0.001633
8.534804	0.000031	0.000389	0.000865	0.001224	0.001480
8.569569	0.000039	0.000382	0.000900	0.001195	0.001515
8.604334	0.000043	0.000359	0.000782	0.001248	0.001524
8.639099	0.000034	0.000374	0.000897	0.001200	0.001563
8.673864	0.000038	0.000381	0.000860	0.001214	0.001529
8.708629	0.000034	0.000327	0.000843	0.001269	0.001563
8.743394	0.000036	0.000354	0.000789	0.001147	0.001628
8.778159	0.000035	0.000349	0.000866	0.001174	0.001552
8.812924	0.000036	0.000361	0.000834	0.001197	0.001573
8.847689	0.000033	0.000304	0.000807	0.001113	0.001503
8.882454	0.000030	0.000369	0.000811	0.001171	0.001394
8.917219	0.000023	0.000338	0.000768	0.001192	0.001475
8.951984	0.000026	0.000305	0.000733	0.001113	0.001420
8.986749	0.000025	0.000341	0.000765	0.001191	0.001547
9.021514	0.000031	0.000301	0.000752	0.001138	0.001517
9.056279	0.000027	0.000328	0.000772	0.001157	0.001540
9.091044	0.000023	0.000296	0.000715	0.001138	0.001448
9.125809	0.000022	0.000296	0.000680	0.001120	0.001510
9.160574	0.000023	0.000292	0.000726	0.001171	0.001522
9.195339	0.000026	0.000273	0.000677	0.001070	0.001542
9.230104	0.000022	0.000291	0.000730	0.001081	0.001390
9.264869	0.000018	0.000307	0.000701	0.001084	0.001411
9.299634	0.000024	0.000304	0.000693	0.001058	0.001406
9.334399	0.000022	0.000270	0.000722	0.001049	0.001413
9.369164	0.000019	0.000328	0.000655	0.001081	0.001385
9.403929	0.000026	0.000262	0.000716	0.001063	0.001288
9.438694	0.000026	0.000285	0.000633	0.001080	0.001357
9.473459	0.000018	0.000224	0.000608	0.001052	0.001332
9.508224	0.000018	0.000226	0.000683	0.000962	0.001367
9.542989	0.000018	0.000248	0.000595	0.000979	0.001330
9.577754	0.000018	0.000256	0.000671	0.000955	0.001253
9.612519	0.000024	0.000228	0.000587	0.000998	0.001267
9.647284	0.000017	0.000239	0.000613	0.000975	0.001226
9.682049	0.000014	0.000229	0.000600	0.000865	0.001235
9.716814	0.000015	0.000243	0.000580	0.000925	0.001168
9.751579	0.000022	0.000202	0.000543	0.000833	0.001184
9.786344	0.000013	0.000228	0.000562	0.000816	0.001103
9.821109	0.000011	0.000208	0.000486	0.000882	0.001216
9.855874	0.000014	0.000198	0.000524	0.000873	0.001145
9.890639	0.000012	0.000209	0.000493	0.000756	0.001082
9.925404	0.000016	0.000192	0.000492	0.000819	0.001038
9.960169	0.000010	0.000191	0.000525	0.000834	0.000983
9.994934	0.000013	0.000175	0.000453	0.000820	0.001008
10.029699	0.000016	0.000173	0.000516	0.000714	0.001001
10.064464	0.000014	0.000154	0.000443	0.000726	0.000925
10.099229	0.000007	0.000170	0.000463	0.000734	0.001001
10.133994	0.000010	0.000143	0.000464	0.000750	0.000976
10.168759	0.000013	0.000150	0.000447	0.000720	0.000934
10.203524	0.000007	0.000163	0.000416	0.000691	0.000835
10.238289	0.000007	0.000137	0.000415	0.000605	0.000872
10.273054	0.000006	0.000144	0.000421	0.000642	0.000876
10.307819	0.000009	0.000131	0.000398	0.000632	0.000807
10.342584	0.000004	0.000135	0.000363	0.000642	0.000793
10.377349	0.000007	0.000124	0.000351	0.000655	0.000793
10.412113	0.000006	0.000129	0.000386	0.000594	0.000793
10.446878	0.000006	0.000105	0.000366	0.000620	0.000696
10.481643	0.000006	0.000097	0.000348	0.000568	0.000733
10.516408	0.000005	0.000108	0.000388	0.000580	0.000738
10.551173	0.000012	0.000125	0.000331	0.000555	0.000691
10.585938	0.000011	0.000096	0.000361	0.000560	0.000719
10.620703	0.000006	0.000122	0.000305	0.000507	0.000671
10.655468	0.000006	0.000094	0.000322	0.000497	0.000687
10.690233	0.000006	0.000093	0.000287	0.000549	0.000708
10.724998	0.000006	0.000099	0.000315	0.000495	0.000668
10.759763	0.000008	0.000091	0.000281	0.000492	0.000645
10.794528	0.000010	0.000082	0.000287	0.000477	0.000525
10.829293	0.000006	0.000093	0.000273	0.000453	0.000520
10.864058	0.000004	0.000099	0.000258	0.000466	0.000661
10.898823	0.000006	0.000093	0.000293	0.000450	0.000641
10.933588	0.000004	0.000087	0.000265	0.000433	0.000622
10.968353	0.000001	0.000088	0.000268	0.000512	0.000583
11.003118	0.000003	0.000078	0.000271	0.000446	0.000682
11.037883	0.000007	0.000073	0.000241	0.000395	0.000592
11.072648	0.000006	0.000068	0.000233	0.000460	0.000504
11.107413	0.000004	0.000067	0.000253	0.000406	0.000518
11.142178	0.000005	0.000077	0.000259	0.000432	0.000574
11.176943	0.000003	0.000063	0.000239	0.000379	0.000518
11.211708	0.000005	0.000066	0.000217	0.000430	0.000511
11.246473	0.000004	0.000062	0.000219	0.000418	0.000571
11.281238	0.000004	0.000044	0.000228	0.000399	0.000564
11.316003	0.000002	0.000052	0.000198	0.000395	0.000592
11.350768	0.000002	0.000054	0.000217	0.000376	0.000546
11.385533	0.000002	0.000050	0.000194	0.000369	0.000597
11.420298	0.000001	0.000061	0.000196	0.000384	0.000504
11.455063	0.000002	0.000053	0.000191	0.000353	0.000500
11.489828	0.000004	0.000041	0.000212	0.000373	0.000497
11.524593	0.000005	0.000053	0.000205	0.000358	0.000546
11.559358	0.000005	0.000043	0.000183	0.000396	0.000530
11.594123	0.000005	0.000047	0.000178	0.000409	0.000576
11.628888	0.000004	0.000044	0.000189	0.000419	0.000474
11.663653	0.000003	0.000064	0.000191	0.000353	0.000530
11.698418	0.000002	0.000053	0.000193	0.000345	0.000546
11.733183	0.000004	0.000047	0.000186	0.000401	0.000520
11.767948	0.000003	0.000044	0.000180	0.000373	0.000504
11.802713	0.000003	0.000038	0.000152	0.000395	0.000495
11.837478	0.000003	0.000047	0.000191	0.000369	0.000590
11.872243	0.000007	0.000041	0.000175	0.000384	0.000518
11.907008	0.000000	0.000045	0.000146	0.000342	0.000509
11.941773	0.000003	0.000044	0.000187	0.000325	0.000555
11.976538	0.000006	0.000032	0.000184	0.000356	0.000428
12.011303	0.000003	0.000036	0.000165	0.000322	0.000553
12.046068	0.000002	0.000036	0.000206	0.000302	0.000446
12.080833	0.000002	0.000039	0.000174	0.000284	0.000553
12.115598	0.000004	0.000058	0.000167	0.000370	0.000497
12.150363	0.000002	0.000041	0.000184	0.000301	0.000481
12.185128	0.000002	0.000048	0.000154	0.000312	0.000486
12.219893	0.000002	0.000035	0.000157	0.000304	0.000458
12.254658	0.000006	0.000035	0.000155	0.000327	0.000523
12.289423	0.000005	0.000046	0.000161	0.000262	0.000493
12.324188	0.000001	0.000035	0.000154	0.000307	0.000497
12.358953	0.000004	0.000038	0.000161	0.000270	0.000479
12.393718	0.000001	0.000033	0.000143	0.000293	0.000467
12.428483	0.000001	0.000044	0.000157	0.000290	0.000493
12.463248	0.000002	0.000035	0.000171	0.000288	0.000509
12.498013	0.000002	0.000044	0.000164	0.000279	0.000426
12.532778	0.000002	0.000039	0.000170	0.000278	0.000481
12.567543	0.000002	0.000046	0.000150	0.000301	0.000432
12.602308	0.000001	0.000036	0.000147	0.000293	0.000432
12.637073	0.000002	0.000038	0.000130	0.000295	0.000460
12.671838	0.000002	0.000046	0.000148	0.000301	0.000509
12.706603	0.000002	0.000038	0.000154	0.000318	0.000430
12.741368	0.000002	0.000051	0.000145	0.000270	0.000435
12.776133	0.000002	0.000046	0.000167	0.000262	0.000412
12.810898	0.000000	0.000039	0.000131	0.000267	0.000370
12.845663	0.000000	0.000041	0.000134	0.000258	0.000382
12.880428	0.000002	0.000031	0.000130	0.000270	0.000412
12.915193	0.000001	0.000040	0.000119	0.000275	0.000389
12.949958	0.000000	0.000053	0.000104	0.000262	0.000428
12.984723	0.000003	0.000035	0.000099	0.000261	0.000435
13.019487	0.000001	0.000032	0.000137	0.000264	0.000414
13.054252	0.000001	0.000036	0.000124	0.000267	0.000287
13.089017	0.000002	0.000044	0.000111	0.000262	0.000395
13.123782	0.000001	0.000031	0.000110	0.000250	0.000393
13.158547	0.000001	0.000030	0.000126	0.000228	0.000377
13.193312	0.000001	0.000028	0.000140	0.000234	0.000389
13.228077	0.000002	0.000034	0.000102	0.000225	0.000331
13.262842	0.000001	0.000028	0.000101	0.000284	0.000345
13.297607	0.000002	0.000031	0.000079	0.000242	0.000370
13.332372	0.000000	0.000026	0.000101	0.000248	0.000298
13.367137	0.000000	0.000035	0.000104	0.000199	0.000298
13.401902	0.000001	0.000022	0.000111	0.000163	0.000321
13.436667	0.000000	0.000019	0.000080	0.000251	0.000342
13.471432	0.000000	0.000024	0.000080	0.000208	0.000342
13.506197	0.000000	0.000027	0.000093	0.000222	0.000310
13.540962	0.000000	0.000019	0.000087	0.000208	0.000301
13.575727	0.000001	0.000020	0.000090	0.000171	0.000284
13.610492	0.000000	0.000019	0.000073	0.000150	0.000259
13.645257	0.000000	0.000020	0.000090	0.000171	0.000245
13.680022	0.000000	0.000009	0.000079	0.000184	0.000268
13.714787	0.000000	0.000015	0.000072	0.000167	0.000250
13.749552	0.000000	0.000010	0.000071	0.000153	0.000266
13.784317	0.000001	0.000007	0.000069	0.000139	0.000252
13.819082	0.000001	0.000008	0.000082	0.000150	0.000250
13.853847	0.000000	0.000013	0.000067	0.000139	0.000213
13.888612	0.000001	0.000011	0.000068	0.000130	0.000243
13.923377	0.000000	0.000007	0.000060	0.000162	0.000197
13.958142	0.000000	0.000010	0.000045	0.000139	0.000192
13.992907	0.000001	0.000010	0.000050	0.000142	0.000215
14.027672	0.000000	0.000008	0.000076	0.000126	0.000176
14.062437	0.000000	0.000003	0.000050	0.000119	0.000217
14.097202	0.000000	0.000006	0.000062	0.000125	0.000204
14.131967	0.000000	0.000009	0.000042	0.000119	0.000169
14.166732	0.000000	0.000005	0.000044	0.000116	0.000155
14.201497	0.000000	0.000008	0.000050	0.000130	0.000176
14.236262	0.000000	0.000004	0.000044	0.000086	0.000192
14.271027	0.000000	0.000004	0.000054	0.000106	0.000150
14.305792	0.000000	0.000005	0.000057	0.000125	0.000176
14.340557	0.000000	0.000005	0.000053	0.000105	0.000153
14.375322	0.000000	0.000005	0.000042	0.000133	0.000208
14.410087	0.000000	0.000006	0.000040	0.000102	0.000153
14.444852	0.000000	0.000011	0.000046	0.000119	0.000162
14.479617	0.000000	0.000004	0.000050	0.000097	0.000130
14.514382	0.000000	0.000003	0.000045	0.000099	0.000146
14.549147	0.000000	0.000003	0.000043	0.000096	0.000130
14.583912	0.000000	0.000004	0.000045	0.000106	0.000139
14.618677	0.000000	0.000006	0.000035	0.000099	0.000176
14.653442	0.000000	0.000007	0.000034	0.000076	0.000132
14.688207	0.000000	0.000001	0.000028	0.000097	0.000097
14.722972	0.000000	0.000007	0.000040	0.000082	0.000120
14.757737	0.000000	0.000002	0.000025	0.000093	0.000125
14.792502	0.000000	0.000005	0.000025	0.000088	0.000118
14.827267	0.000000	0.000002	0.000023	0.000082	0.000109
14.862032	0.000000	0.000002	0.000032	0.000080	0.000097
14.896797	0.000000	0.000003	0.000050	0.000086	0.000113
14.931562	0.000000	0.000006	0.000032	0.000089	0.000081
14.966327	0.000000	0.000005	0.000032	0.000091	0.000104
15.001092	0.000000	0.000003	0.000030	0.000085	0.000109
15.035857	0.000000	0.000002	0.000034	0.000079	0.000095
15.070622	0.000000	0.000001	0.000030	0.000079	0.000076
15.105387	0.000000	0.000003	0.000022	0.000063	0.000093
15.140152	0.000000	0.000000	0.000024	0.000060	0.000097
15.174917	0.000000	0.000006	0.000030	0.000059	0.000093
15.209682	0.000000	0.000000	0.000023	0.000072	0.000074
15.244447	0.000000	0.000002	0.000020	0.000065	0.000081
15.279212	0.000000	0.000003	0.000022	0.000074	0.000083
15.313977	0.000000	0.000001	0.000034	0.000065	0.000097
15.348742	0.000000	0.000005	0.000025	0.000065	0.000076
15.383507	0.000000	0.000004	0.000027	0.000060	0.000083
15.418272	0.000000	0.000002	0.000017	0.000068	0.000069
15.453037	0.000000	0.000002	0.000025	0.000068	0.000081
15.487802	0.000000	0.000001	0.000029	0.000040	0.000097
15.522567	0.000000	0.000000	0.000028	0.000059	0.000090
15.557332	0.000000	0.000001	0.000030	0.000065	0.000083
15.592097	0.000000	0.000001	0.000020	0.000056	0.000079
15.626861	0.000000	0.000003	0.000017	0.000046	0.000079
15.661626	0.000000	0.000001	0.000019	0.000051	0.000097
15.696391	0.000000	0.000000	0.000028	0.000052	0.000095
15.731156	0.000000	0.000001	0.000010	0.000069	0.000086
15.765921	0.000000	0.000001	0.000025	0.000040	0.000095
15.800686	0.000000	0.000000	0.000027	0.000048	0.000081
15.835451	0.000000	0.000001	0.000023	0.000054	0.000109
15.870216	0.000000	0.000004	0.000022	0.000056	0.000062
15.904981	0.000000	0.000001	0.000017	0.000039	0.000099
15.939746	0.000000	0.000002	0.000021	0.000040	0.000095
15.974511	0.000000	0.000001	0.000012	0.000056	0.000097
16.009276	0.000000	0.000000	0.000017	0.000062	0.000109
16.044041	0.000000	0.000001	0.000021	0.000037	0.000083
16.078806	0.000000	0.000000	0.000025	0.000052	0.000102
16.113571	0.000000	0.000001	0.000017	0.000037	0.000081
16.148336	0.000000	0.000001	0.000021	0.000054	0.000065
16.183101	0.000000	0.000000	0.000013	0.000029	0.000109
16.217866	0.000000	0.000001	0.000017	0.000032	0.000083
16.252631	0.000000	0.000000	0.000015	0.000045	0.000116
16.287396	0.000000	0.000000	0.000021	0.000039	0.000083
16.322161	0.000000	0.000000	0.000017	0.000039	0.000088
16.356926	0.000000	0.000000	0.000015	0.000023	0.000104
16.391691	0.000000	0.000001	0.000016	0.000031	0.000097
16.426456	0.000000	0.000000	0.000009	0.000040	0.000069
16.461221	0.000000	0.000000	0.000012	0.000042	0.000086
16.495986	0.000000	0.000000	0.000017	0.000046	0.000086
16.530751	0.000000	0.000000	0.000016	0.000035	0.000093
16.565516	0.000000	0.000000	0.000016	0.000035	0.000081
16.600281	0.000000	0.000000	0.000013	0.000037	0.000062
16.635046	0.000000	0.000000	0.000015	0.000031	0.000076
16.669811	0.000000	0.000000	0.000016	0.000042	0.000046
16.704576	0.000000	0.000000	0.000020	0.000032	0.000049
16.739341	0.000000	0.000000	0.000013	0.000040	0.000074
16.774106	0.000000	0.000000	0.000012	0.000052	0.000069
16.808871	0.000000	0.000000	0.000014	0.000032	0.000051
16.843636	0.000000	0.000000	0.000015	0.000020	0.000046
16.878401	0.000000	0.000001	0.000021	0.000035	0.000069
16.913166	0.000000	0.000000	0.000016	0.000032	0.000062
16.947931	0.000000	0.000000	0.000010	0.000037	0.000039
16.982696	0.000000	0.000000	0.000009	0.000037	0.000067
17.017461	0.000000	0.000000	0.000014	0.000023	0.000060
17.052226	0.000000	0.000000	0.000023	0.000025	0.000039
17.086991	0.000000	0.000000	0.000013	0.000039	0.000039
17.121756	0.000000	0.000000	0.000016	0.000032	0.000058
17.156521	0.000000	0.000000	0.000006	0.000023	0.000037
17.191286	0.000000	0.000000	0.000008	0.000034	0.000046
17.226051	0.000000	0.000000	0.000013	0.000028	0.000035
17.260816	0.000000	0.000000	0.000006	0.000020	0.000042
17.295581	0.000000	0.000000	0.000017	0.000017	0.000044
17.330346	0.000000	0.000000	0.000007	0.000037	0.000037
17.365111	0.000000	0.000000	0.000005	0.000037	0.000037
17.399876	0.000000	0.000000	0.000009	0.000019	0.000035
17.434641	0.000000	0.000000	0.000002	0.000022	0.000028
17.469406	0.000000	0.000000	0.000001	0.000017	0.000025
17.504171	0.000000	0.000000	0.000005	0.000020	0.000025
17.538936	0.000000	0.000000	0.000008	0.000028	0.000042
17.573701	0.000000	0.000000	0.000000	0.000034	0.000042
17.608466	0.000000	0.000000	0.000006	0.000034	0.000044
17.643231	0.000000	0.000000	0.000005	0.000020	0.000042
17.677996	0.000000	0.000000	0.000001	0.000017	0.000032
17.712761	0.000000	0.000000	0.000001	0.000014	0.000042
17.747526	0.000000	0.000000	0.000006	0.000015	0.000025
17.782291	0.000000	0.000000	0.000007	0.000019	0.000039
17.817056	0.000000	0.000000	0.000002	0.000015	0.000051
17.851821	0.000000	0.000000	0.000005	0.000014	0.000042
17.886586	0.000000	0.000000	0.000001	0.000028	0.000042
17.921351	0.000000	0.000000	0.000002	0.000015	0.000042
17.956116	0.000000	0.000000	0.000007	0.000020	0.000039
17.990881	0.000000	0.000000	0.000003	0.000026	0.000032
18.025646	0.000000	0.000000	0.000003	0.000011	0.000032
18.060411	0.000000	0.000000	0.000002	0.000008	0.000035
18.095176	0.000000	0.000000	0.000000	0.000014	0.000030
18.129941	0.000000	0.000000	0.000003	0.000008	0.000039
18.164706	0.000000	0.000000	0.000001	0.000005	0.000042
18.199471	0.000000	0.000000	0.000005	0.000009	0.000044
18.234235	0.000000	0.000000	0.000000	0.000006	0.000035
18.269000	0.000000	0.000000	0.000001	0.000019	0.000042
18.303765	0.000000	0.000000	0.000002	0.000008	0.000037
18.338530	0.000000	0.000000	0.000000	0.000015	0.000025
18.373295	0.000000	0.000000	0.000000	0.000008	0.000046
18.408060	0.000000	0.000000	0.000000	0.000012	0.000037
18.442825	0.000000	0.000000	0.000005	0.000011	0.000044
18.477590	0.000000	0.000000	0.000001	0.000002	0.000032
18.512355	0.000000	0.000000	0.000001	0.000005	0.000037
18.547120	0.000000	0.000000	0.000000	0.000006	0.000035
18.581885	0.000000	0.000000	0.000000	0.000005	0.000039
18.616650	0.000000	0.000000	0.000001	0.000008	0.000039
18.651415	0.000000	0.000000	0.000001	0.000008	0.000032
18.686180	0.000000	0.000000	0.000001	0.000005	0.000053
18.720945	0.000000	0.000000	0.000000	0.000006	0.000042
18.755710	0.000000	0.000000	0.000001	0.000006	0.000023
18.790475	0.000000	0.000000	0.000000	0.000005	0.000049
18.825240	0.000000	0.000000	0.000001	0.000000	0.000039
18.860005	0.000000	0.000000	0.000000	0.000005	0.000037
18.894770	0.000000	0.000000	0.000000	0.000003	0.000030
18.929535	0.000000	0.000000	0.000001	0.000002	0.000053
18.964300	0.000000	0.000000	0.000001	0.000002	0.000053
18.999065	0.000000	0.000000	0.000001	0.000002	0.000051
19.033830	0.000000	0.000000	0.000000	0.000002	0.000046
19.068595	0.000000	0.000000	0.000000	0.000003	0.000009
19.103360	0.000000	0.000000	0.000000	0.000002	0.000035
19.138125	0.000000	0.000000	0.000000	0.000002	0.000032
19.172890	0.000000	0.000000	0.000001	0.000006	0.000025
19.207655	0.000000	0.000000	0.000000	0.000000	0.000035
19.242420	0.000000	0.000000	0.000000	0.000002	0.000023
19.277185	0.000000	0.000000	0.000000	0.000002	0.000021
19.311950	0.000000	0.000000	0.000001	0.000005	0.000023
19.346715	0.000000	0.000000	0.000000	0.000002	0.000032
19.381480	0.000000	0.000000	0.000000	0.000000	0.000032
19.416245	0.000000	0.000000	0.000000	0.000000	0.000016
19.451010	0.000000	0.000000	0.000000	0.000003	0.000012
19.485775	0.000000	0.000000	0.000000	0.000000	0.000014
19.520540	0.000000	0.000000	0.000000	0.000005	0.000019
19.555305	0.000000	0.000000	0.000000	0.000002	0.000030
19.590070	0.000000	0.000000	0.000000	0.000002	0.000025
19.624835	0.000000	0.000000	0.000000	0.000006	0.000014
19.659600	0.000000	0.000000	0.000001	0.000002	0.000012
19.694365	0.000000	0.000000	0.000001	0.000002	0.000021
19.729130	0.000000	0.000000	0.000000	0.000002	0.000012
19.763895	0.000000	0.000000	0.000000	0.000002	0.000019
19.798660	0.000000	0.000000	0.000002	0.000006	0.000019
19.833425	0.000000	0.000000	0.000001	0.000003	0.000028
19.868190	0.000000	0.000000	0.000002	0.000005	0.000019
19.902955	0.000000	0.000000	0.000000	0.000008	0.000028
19.937720	0.000000	0.000000	0.000001	0.000002	0.000030
19.972485	0.000000	0.000000	0.000003	0.000006	0.000021
20.007250	0.000000	0.000000	0.000000	0.000009	0.000016
20.042015	0.000000	0.000000	0.000001	0.000008	0.000028
20.076780	0.000000	0.000000	0.000001	0.000008	0.000030
20.111545	0.000000	0.000000	0.000000	0.000006	0.000032
20.146310	0.000000	0.000000	0.000001	0.000003	0.000025
20.181075	0.000000	0.000000	0.000001	0.000008	0.000016
20.215840	0.000000	0.000000	0.000002	0.000009	0.000039
20.250605	0.000000	0.000000	0.000005	0.000005	0.000025
20.285370	0.000000	0.000000	0.000003	0.000008	0.000012
20.320135	0.000000	0.000000	0.000001	0.000011	0.000025
20.354900	0.000000	0.000000	0.000002	0.000017	0.000012
20.389665	0.000000	0.000000	0.000003	0.000005	0.000012
20.424430	0.000000	0.000000	0.000005	0.000003	0.000012
20.459195	0.000000	0.000000	0.000001	0.000008	0.000009
20.493960	0.000000	0.000000	0.000001	0.000008	0.000021
20.528725	0.000000	0.000000	0.000005	0.000008	0.000025
20.563490	0.000000	0.000000	0.000002	0.000003	0.000016
20.598255	0.000000	0.000000	0.000003	0.000002	0.000009
20.633020	0.000000	0.000000	0.000006	0.000005	0.000009
20.667785	0.000000	0.000000	0.000005	0.000005	0.000012
20.702550	0.000000	0.000000	0.000000	0.000008	0.000019
20.737315	0.000000	0.000000	0.000003	0.000005	0.000009
20.772080	0.000000	0.000000	0.000002	0.000002	0.000012
20.806845	0.000000	0.000000	0.000002	0.000005	0.000012
20.841609	0.000000	0.000000	0.000000	0.000006	0.000009
20.876374	0.000000	0.000000	0.000002	0.000005	0.000014
20.911139	0.000000	0.000000	0.000002	0.000005	0.000005
20.945904	0.000000	0.000000	0.000001	0.000003	0.000005
20.980669	0.000000	0.000000	0.000000	0.000005	0.000005
21.015434	0.000000	0.000000	0.000000	0.000005	0.000000
21.050199	0.000000	0.000000	0.000003	0.000002	0.000002
21.084964	0.000000	0.000000	0.000000	0.000002	0.000005
21.119729	0.000000	0.000000	0.000001	0.000003	0.000000
21.154494	0.000000	0.000000	0.000003	0.000005	0.000002
21.189259	0.000000	0.000000	0.000002	0.000002	0.000002
21.224024	0.000000	0.000000	0.000000	0.000003	0.000000
21.258789	0.000000	0.000000	0.000002	0.000000	0.000000
21.293554	0.000000	0.000000	0.000000	0.000000	0.000000
21.328319	0.000000	0.000000	0.000000	0.000002	0.000005
21.363084	0.000000	0.000000	0.000000	0.000002	0.000000
21.397849	0.000000	0.000000	0.000000	0.000002	0.000000
21.432614	0.000000	0.000000	0.000000	0.000000	0.000000
21.467379	0.000000	0.000000	0.000000	0.000002	0.000002
21.502144	0.000000	0.000000	0.000002	0.000002	0.000000
21.536909	0.000000	0.000000	0.000000	0.000000	0.000000
21.571674	0.000000	0.000000	0.000000	0.000000	0.000000
21.606439	0.000000	0.000000	0.000001	0.000000	0.000000
21.641204	0.000000	0.000000	0.000000	0.000000	0.000000
21.675969	0.000000	0.000000	0.000000	0.000000	0.000000
21.710734	0.000000	0.000000	0.000002	0.000000	0.000000
21.745499	0.000000	0.000000	0.000000	0.000000	0.000000
21.780264	0.000000	0.000000	0.000000	0.000000	0.000000
21.815029	0.000000	0.000000	0.000000	0.000000	0.000000
21.849794	0.000000	0.000000	0.000000	0.000000	0.000000
21.884559	0.000000	0.000000	0.000000	0.000000	0.000000
21.919324	0.000000	0.000000	0.000000	0.000000	0.000000
21.954089	0.000000	0.000000	0.000000	0.000000	0.000000
21.988854	0.000000	0.000000	0.000000	0.000000	0.000000
22.023619	0.000000	0.000000	0.000000	0.000000	0.000000
22.058384	0.000000	0.000000	0.000000	0.000000	0.000000
22.093149	0.000000	0.000000	0.000000	0.000000	0.000000
22.127914	0.000000	0.000000	0.000000	0.000000	0.000000
22.162679	0.000000	0.000000	0.000000	0.000000	0.000000
22.197444	0.000000	0.000000	0.000000	0.000000	0.000000
22.232209	0.000000	0.000000	0.000000	0.000000	0.000000
22.266974	0.000000	0.000000	0.000000	0.000000	0.000000
22.301739	0.000000	0.000000	0.000001	0.000000	0.000000
22.336504	0.000000	0.000000	0.000000	0.000000	0.000000
22.371269	0.000000	0.000000	0.000000	0.000000	0.000000
22.406034	0.000000	0.000000	0.000000	0.000000	0.000000
22.440799	0.000000	0.000000	0.000000	0.000000	0.000000
22.475564	0.000000	0.000000	0.000000	0.000000	0.000000
22.510329	0.000000	0.000000	0.000000	0.000000	0.000000
22.545094	0.000000	0.000000	0.000000	0.000000	0.000000
22.579859	0.000000	0.000000	0.000000	0.000000	0.000000
22.614624	0.000000	0.000000	0.000000	0.000000	0.000000
22.649389	0.000000	0.000000	0.000000	0.000000	0.000000
22.684154	0.000000	0.000000	0.000000	0.000000	0.000000
22.718919	0.000000	0.000000	0.000000	0.000000	0.000000
22.753684	0.000000	0.000000	0.000000	0.000000	0.000000
22.788449	0.000000	0.000000	0.000000	0.000000	0.000000
22.823214	0.000000	0.000000	0.000000	0.000000	0.000000
22.857979	0.000000	0.000000	0.000000	0.000000	0.000000
22.892744	0.000000	0.000000	0.000000	0.000000	0.000000
22.927509	0.000000	0.000000	0.000000	0.000000	0.000000
22.962274	0.000000	0.000000	0.000000	0.000000	0.000000
22.997039	0.000000	0.000000	0.000000	0.000000	0.000000
23.031804	0.000000	0.000000	0.000000	0.000000	0.000000
23.066569	0.000000	0.000000	0.000000	0.000000	0.000000
23.101334	0.000000	0.000000	0.000000	0.000000	0.000000
23.136099	0.000000	0.000000	0.000000	0.000000	0.000000
23.170864	0.000000	0.000000	0.000000	0.000000	0.000000
23.205629	0.000000	0.000000	0.000000	0.000000	0.000000
23.240394	0.000000	0.000000	0.000000	0.000000	0.000000
23.275159	0.000000	0.000000	0.000000	0.000000	0.000000
23.309924	0.000000	0.000000	0.000000	0.000000	0.000000
23.344689	0.000000	0.000000	0.000000	0.000000	0.000000
23.379454	0.000000	0.000000	0.000000	0.000000	0.000000
23.414219	0.000000	0.000000	0.000000	0.000000	0.000000
23.448983	0.000000	0.000000	0.000000	0.000000	0.000000
23.483748	0.000000	0.000000	0.000000	0.000000	0.000000
23.518513	0.000000	0.000000	0.000000	0.000000	0.000000
23.553278	0.000000	0.000000	0.000000	0.000000	0.000000
23.588043	0.000000	0.000000	0.000000	0.000000	0.000000
23.622808	0.000000	0.000000	0.000000	0.000000	0.000000
23.657573	0.000000	0.000000	0.000000	0.000000	0.000000
23.692338	0.000000	0.000000	0.000000	0.000000	0.000000
23.727103	0.000000	0.000000	0.000000	0.000000	0.000000
23.761868	0.000000	0.000000	0.000000	0.000000	0.000000
23.796633	0.000000	0.000000	0.000000	0.000000	0.000000
23.831398	0.000000	0.000000	0.000000	0.000000	0.000000
23.866163	0.000000	0.000000	0.000000	0.000000	0.000000
23.900928	0.000000	0.000000	0.000000	0.000000	0.000000
23.935693	0.000000	0.000000	0.000000	0.000000	0.000000
23.970458	0.000000	0.000000	0.000000	0.000000	0.000000
24.005223	0.000000	0.000000	0.000000	0.000000	0.000000
24.039988	0.000000	0.000000	0.000000	0.000000	0.000000
24.074753	0.000000	0.000000	0.000000	0.000000	0.000000
24.109518	0.000000	0.000000	0.000000	0.000000	0.000000
24.144283	0.000000	0.000000	0.000000	0.000000	0.000000
24.179048	0.000000	0.000000	0.000000	0.000000	0.000000
24.213813	0.000000	0.000000	0.000000	0.000000	0.000000
24.248578	0.000000	0.000000	0.000000	0.000000	0.000000
24.283343	0.000000	0.000000	0.000000	0.000000	0.000000
24.318108	0.000000	0.000000	0.000000	0.000000	0.000000
24.352873	0.000000	0.000000	0.000000	0.000000	0.000000
24.387638	0.000000	0.000000	0.000000	0.000000	0.000000
24.422403	0.000000	0.000000	0.000000	0.000000	0.000000
24.457168	0.000000	0.000000	0.000000	0.000000	0.000000
24.491933	0.000000	0.000000	0.000000	0.000000	0.000000
24.526698	0.000000	0.000000	0.000000	0.000000	0.000000
24.561463	0.000000	0.000000	0.000000	0.000000	0.000000
24.596228	0.000000	0.000000	0.000000	0.000000	0.000000
24.630993	0.000000	0.000000	0.000000	0.000000	0.000000
24.665758	0.000000	0.000000	0.000000	0.000000	0.000000
24.700523	0.000000	0.000000	0.000000	0.000000	0.000000
24.735288	0.000000	0.000000	0.000000	0.000000	0.000000
24.770053	0.000000	0.000000	0.000000	0.000000	0.000000
24.804818	0.000000	0.000000	0.000000	0.000000	0.000000
24.839583	0.000000	0.000000	0.000000	0.000000	0.000000
24.874348	0.000000	0.000000	0.000000	0.000000	0.000000
24.909113	0.000000	0.000000	0.000000	0.000000	0.000000
24.943878	0.000000	0.000000	0.000000	0.000000	0.000000
24.978643	0.000000	0.000000	0.000000	0.000000	0.000000
25.013408	0.000000	0.000000	0.000000	0.000000	0.000000
25.048173	0.000000	0.000000	0.000000	0.000000	0.000000
25.082938	0.000000	0.000000	0.000000	0.000000	0.000000
25.117703	0.000000	0.000000	0.000000	0.000000	0.000000
25.152468	0.000000	0.000000	0.000000	0.000000	0.000000
25.187233	0.000000	0.000000	0.000000	0.000000	0.000000
25.221998	0.000000	0.000000	0.000000	0.000000	0.000000
25.256763	0.000000	0.000000	0.000000	0.000000	0.000000
25.291528	0.000000	0.000000	0.000000	0.000000	0.000000
25.326293	0.000000	0.000000	0.000000	0.000000	0.000000
25.361058	0.000000	0.000000	0.000000	0.000000	0.000000
25.395823	0.000000	0.000000	0.000000	0.000000	0.000000
25.430588	0.000000	0.000000	0.000000	0.000000	0.000000
25.465353	0.000000	0.000000	0.000000	0.000000	0.000000
25.500118	0.000000	0.000000	0.000000	0.000000	0.000000
25.534883	0.000000	0.000000	0.000000	0.000000	0.000000
25.569648	0.000000	0.000000	0.000000	0.000000	0.000000
25.604413	0.000000	0.000000	0.000000	0.000000	0.000000
25.639178	0.000000	0.000000	0.000000	0.000000	0.000000
25.673943	0.000000	0.000000	0.000000	0.000000	0.000000
25.708708	0.000000	0.000000	0.000000	0.000000	0.000000
25.743473	0.000000	0.000000	0.000000	0.000000	0.000000
25.778238	0.000000	0.000000	0.000000	0.000000	0.000000
25.813003	0.000000	0.000000	0.000000	0.000000	0.000000
25.847768	0.000000	0.000000	0.000000	0.000000	0.000000
25.882533	0.000000	0.000000	0.000000	0.000000	0.000000
25.917298	0.000000	0.000000	0.000000	0.000000	0.000000
25.952063	0.000000	0.000000	0.000000	0.000000	0.000000
25.986828	0.000000	0.000000	0.000000	0.000000	0.000000
26.021593	0.000000	0.000000	0.000000	0.000000	0.000000
26.056357	0.000000	0.000000	0.000000	0.000000	0.000000
26.091122	0.000000	0.000000	0.000000	0.000000	0.000000
26.125887	0.000000	0.000000	0.000000	0.000000	0.000000
26.160652	0.000000	0.000000	0.000000	0.000000	0.000000
26.195417	0.000000	0.000000	0.000000	0.000000	0.000000
26.230182	0.000000	0.000000	0.000000	0.000000	0.000000
26.264947	0.000000	0.000000	0.000000	0.000000	0.000000
26.299712	0.000000	0.000000	0.000000	0.000000	0.000000
26.334477	0.000000	0.000000	0.000000	0.000000	0.000000
26.369242	0.000000	0.000000	0.000000	0.000000	0.000000
26.404007	0.000000	0.000000	0.000000	0.000000	0.000000
26.438772	0.000000	0.000000	0.000000	0.000000	0.000000
26.473537	0.000000	0.000000	0.000000	0.000000	0.000000
26.508302	0.000000	0.000000	0.000000	0.000000	0.000000
26.543067	0.000000	0.000000	0.000000	0.000000	0.000000
26.577832	0.000000	0.000000	0.000000	0.000000	0.000000
26.612597	0.000000	0.000000	0.000000	0.000000	0.000000
26.647362	0.000000	0.000000	0.000000	0.000000	0.000000
26.682127	0.000000	0.000000	0.000000	0.000000	0.000000
26.716892	0.000000	0.000000	0.000000	0.000000	0.000000
26.751657	0.000000	0.000000	0.000000	0.000000	0.000000
26.786422	0.000000	0.000000	0.000000	0.000000	0.000000
26.821187	0.000000	0.000000	0.000000	0.000000	0.000000
26.855952	0.000000	0.000000	0.000000	0.000000	0.000000
26.890717	0.000000	0.000000	0.000000	0.000000	0.000000
26.925482	0.000000	0.000000	0.000000	0.000000	0.000000
26.960247	0.000000	0.000000	0.000000	0.000000	0.000000
26.995012	0.000000	0.000000	0.000000	0.000000	0.000000
27.029777	0.000000	0.000000	0.000000	0.000000	0.000000
27.064542	0.000000	0.000000	0.000000	0.000000	0.000000
27.099307	0.000000	0.000000	0.000000	0.000000	0.000000
27.134072	0.000000	0.000000	0.000000	0.000000	0.000000
27.168837	0.000000	0.000000	0.000000	0.000000	0.000000
27.203602	0.000000	0.000000	0.000000	0.000000	0.000000
27.238367	0.000000	0.000000	0.000000	0.000000	0.000000
27.273132	0.000000	0.000000	0.000000	0.000000	0.000000
27.307897	0.000000	0.000000	0.000000	0.000000	0.000000
27.342662	0.000000	0.000000	0.000000	0.000000	0.000000
27.377427	0.000000	0.000000	0.000000	0.000000	0.000000
27.412192	0.000000	0.000000	0.000000	0.000000	0.000000
27.446957	0.000000	0.000000	0.000000	0.000000	0.000000
27.481722	0.000000	0.000000	0.000000	0.000000	0.000000
27.516487	0.000000	0.000000	0.000000	0.000000	0.000000
27.551252	0.000000	0.000000	0.000000	0.000000	0.000000
27.586017	0.000000	0.000000	0.000000	0.000000	0.000000
27.620782	0.000000	0.000000	0.000000	0.000000	0.000000
27.655547	0.000000	0.000000	0.000000	0.000000	0.000000
27.690312	0.000000	0.000000	0.000000	0.000000	0.000000
27.725077	0.000000	0.000000	0.000000	0.000000	0.000000
27.759842	0.000000	0.000000	0.000000	0.000000	0.000000
27.794607	0.000000	0.000000	0.000000	0.000000	0.000000
27.829372	0.000000	0.000000	0.000000	0.000000	0.000000
27.864137	0.000000	0.000000	0.000000	0.000000	0.000000
27.898902	0.000000	0.000000	0.000000	0.000000	0.000000
27.933667	0.000000	0.000000	0.000000	0.000000	0.000000
27.968432	0.000000	0.000000	0.000000	0.000000	0.000000
28.003197	0.000000	0.000000	0.000000	0.000000	0.000000
28.037962	0.000000	0.000000	0.000000	0.000000	0.000000
28.072727	0.000000	0.000000	0.000000	0.000000	0.000000
28.107492	0.000000	0.000000	0.000000	0.000000	0.000000
28.142257	0.000000	0.000000	0.000000	0.000000	0.000000
28.177022	0.000000	0.000000	0.000000	0.000000	0.000000
28.211787	0.000000	0.000000	0.000000	0.000000	0.000000
28.246552	0.000000	0.000000	0.000000	0.000000	0.000000
28.281317	0.000000	0.000000	0.000000	0.000000	0.000000
28.316082	0.000000	0.000000	0.000000	0.000000	0.000000
28.350847	0.000000	0.000000	0.000000	0.000000	0.000000
28.385612	0.000000	0.000000	0.000000	0.000000	0.000000
28.420377	0.000000	0.000000	0.000000	0.000000	0.000000
28.455142	0.000000	0.000000	0.000000	0.000000	0.000000
28.489907	0.000000	0.000000	0.000000	0.000000	0.000000
28.524672	0.000000	0.000000	0.000000	0.000000	0.000000
28.559437	0.000000	0.000000	0.000000	0.000000	0.000000
28.594202	0.000000	0.000000	0.000000	0.000000	0.000000
28.628967	0.000000	0.000000	0.000000	0.000000	0.000000
28.663731	0.000000	0.000000	0.000000	0.000000	0.000000
28.698496	0.000000	0.000000	0.000000	0.000000	0.000000
28.733261	0.000000	0.000000	0.000000	0.000000	0.000000
28.768026	0.000000	0.000000	0.000000	0.000000	0.000000
28.802791	0.000000	0.000000	0.000000	0.000000	0.000000
28.837556	0.000000	0.000000	0.000000	0.000000	0.000000
28.872321	0.000000	0.000000	0.000000	0.000000	0.000000
28.907086	0.000000	0.000000	0.000000	0.000000	0.000000
28.941851	0.000000	0.000000	0.000000	0.000000	0.000000
28.976616	0.000000	0.000000	0.000000	0.000000	0.000000
29.011381	0.000000	0.000000	0.000000	0.000000	0.000000
29.046146	0.000000	0.000000	0.000000	0.000000	0.000000
29.080911	0.000000	0.000000	0.000000	0.000000	0.000000
29.115676	0.000000	0.000000	0.000000	0.000000	0.000000
29.150441	0.000000	0.000000	0.000000	0.000000	0.000000
29.185206	0.000000	0.000000	0.000000	0.000000	0.000000
29.219971	0.000000	0.000000	0.000000	0.000000	0.000000
29.254736	0.000000	0.000000	0.000000	0.000000	0.000000
29.289501	0.000000	0.000000	0.000000	0.000000	0.000000
29.324266	0.000000	0.000000	0.000000	0.000000	0.000000
29.359031	0.000000	0.000000	0.000000	0.000000	0.000000
29.393796	0.000000	0.000000	0.000000	0.000000	0.000000
29.428561	0.000000	0.000000	0.000000	0.000000	0.000000
29.463326	0.000000	0.000000	0.000000	0.000000	0.000000
29.498091	0.000000	0.000000	0.000000	0.000000	0.000000
29.532856	0.000000	0.000000	0.000000	0.000000	0.000000
29.567621	0.000000	0.000000	0.000000	0.000000	0.000000
29.602386	0.000000	0.000000	0.000000	0.000000	0.000000
29.637151	0.000000	0.000000	0.000000	0.000000	0.000000
29.671916	0.000000	0.000000	0.000000	0.000000	0.000000
29.706681	0.000000	0.000000	0.000000	0.000000	0.000000
29.741446	0.000000	0.000000	0.000000	0.000000	0.000000
29.776211	0.000000	0.000000	0.000000	0.000000	0.000000
29.810976	0.000000	0.000000	0.000000	0.000000	0.000000
29.845741	0.000000	0.000000	0.000000	0.000000	0.000000
29.880506	0.000000	0.000000	0.000000	0.000000	0.000000
29.915271	0.000000	0.000000	0.000000	0.000000	0.000000
29.950036	0.000000	0.000000	0.000000	0.000000	0.000000
29.984801	0.000000	0.000000	0.000000	0.000000	0.000000
30.019566	0.000000	0.000000	0.000000	0.000000	0.000000
30.054331	0.000000	0.000000	0.000000	0.000000	0.000000
30.089096	0.000000	0.000000	0.000000	0.000000	0.000000
30.123861	0.000000	0.000000	0.000000	0.000000	0.000000
30.158626	0.000000	0.000000	0.000000	0.000000	0.000000
30.193391	0.000000	0.000000	0.000000	0.000000	0.000000
30.228156	0.000000	0.000000	0.000000	0.000000	0.000000
30.262921	0.000000	0.000000	0.000000	0.000000	0.000000
30.297686	0.000000	0.000000	0.000000	0.000000	0.000000
30.332451	0.000000	0.000000	0.000000	0.000000	0.000000
30.367216	0.000000	0.000000	0.000000	0.000000	0.000000
30.401981	0.000000	0.000000	0.000000	0.000000	0.000000
30.436746	0.000000	0.000000	0.000000	0.000000	0.000000
30.471511	0.000000	0.000000	0.000000	0.000000	0.000000
30.506276	0.000000	0.000000	0.000000	0.000000	0.000000
30.541041	0.000000	0.000000	0.000000	0.000000	0.000000
30.575806	0.000000	0.000000	0.000000	0.000000	0.000000
30.610571	0.000000	0.000000	0.000000	0.000000	0.000000
30.645336	0.000000	0.000000	0.000000	0.000000	0.000000
30.680101	0.000000	0.000000	0.000000	0.000000	0.000000
30.714866	0.000000	0.000000	0.000000	0.000000	0.000000
30.749631	0.000000	0.000000	0.000000	0.000000	0.000000
30.784396	0.000000	0.000000	0.000000	0.000000	0.000000
30.819161	0.000000	0.000000	0.000000	0.000000	0.000000
30.853926	0.000000	0.000000	0.000000	0.000000	0.000000
30.888691	0.000000	0.000000	0.000000	0.000000	0.000000
30.923456	0.000000	0.000000	0.000000	0.000000	0.000000
30.958221	0.000000	0.000000	0.000000	0.000000	0.000000
30.992986	0.000000	0.000000	0.000000	0.000000	0.000000
31.027751	0.000000	0.000000	0.000000	0.000000	0.000000
31.062516	0.000000	0.000000	0.000000	0.000000	0.000000
31.097281	0.000000	0.000000	0.000000	0.000000	0.000000
31.132046	0.000000	0.000000	0.000000	0.000000	0.000000
31.166811	0.000000	0.000000	0.000000	0.000000	0.000000
31.201576	0.000000	0.000000	0.000000	0.000000	0.000000
31.236340	0.000000	0.000000	0.000000	0.000000	0.000000
31.271105	0.000000	0.000000	0.000000	0.000000	0.000000
31.305870	0.000000	0.000000	0.000000	0.000000	0.000000
31.340635	0.000000	0.000000	0.000000	0.000000	0.000000
31.375400	0.000000	0.000000	0.000000	0.000000	0.000000
31.410165	0.000000	0.000000	0.000000	0.000000	0.000000
31.444930	0.000000	0.000000	0.000000	0.000000	0.000000
31.479695	0.000000	0.000000	0.000000	0.000000	0.000000
31.514460	0.000000	0.000000	0.000000	0.000000	0.000000
31.549225	0.000000	0.000000	0.000000	0.000000	0.000000
31.583990	0.000000	0.000000	0.000000	0.000000	0.000000
31.618755	0.000000	0.000000	0.000000	0.000000	0.000000
31.653520	0.000000	0.000000	0.000000	0.000000	0.000000
31.688285	0.000000	0.000000	0.000000	0.000000	0.000000
31.723050	0.000000	0.000000	0.000000	0.000000	0.000000
31.757815	0.000000	0.000000	0.000000	0.000000	0.000000
31.792580	0.000000	0.000000	0.000000	0.000000	0.000000
31.827345	0.000000	0.000000	0.000000	0.000000	0.000000
31.862110	0.000000	0.000000	0.000000	0.000000	0.000000
31.896875	0.000000	0.000000	0.000000	0.000000	0.000000
31.931640	0.000000	0.000000	0.000000	0.000000	0.000000
31.966405	0.000000	0.000000	0.000000	0.000000	0.000000
32.001170	0.000000	0.000000	0.000000	0.000000	0.000000
32.035935	0.000000	0.000000	0.000000	0.000000	0.000000
32.070700	0.000000	0.000000	0.000000	0.000000	0.000000
32.105465	0.000000	0.000000	0.000000	0.000000	0.000000
32.140230	0.000000	0.000000	0.000000	0.000000	0.000000
32.174995	0.000000	0.000000	0.000000	0.000000	0.000000
32.209760	0.000000	0.000000	0.000000	0.000000	0.000000
32.244525	0.000000	0.000000	0.000000	0.000000	0.000000
32.279290	0.000000	0.000000	0.000000	0.000000	0.000000
32.314055	0.000000	0.000000	0.000000	0.000000	0.000000
32.348820	0.000000	0.000000	0.000000	0.000000	0.000000
32.383585	0.000000	0.000000	0.000000	0.000000	0.000000
32.418350	0.000000	0.000000	0.000000	0.000000	0.000000
32.453115	0.000000	0.000000	0.000000	0.000000	0.000000
32.487880	0.000000	0.000000	0.000000	0.000000	0.000000
32.522645	0.000000	0.000000	0.000000	0.000000	0.000000
32.557410	0.000000	0.000000	0.000000	0.000000	0.000000
32.592175	0.000000	0.000000	0.000000	0.000000	0.000000
32.626940	0.000000	0.000000	0.000000	0.000000	0.000000
32.661705	0.000000	0.000000	0.000000	0.000000	0.000000
32.696470	0.000000	0.000000	0.000000	0.000000	0.000000
32.731235	0.000000	0.000000	0.000000	0.000000	0.000000
32.766000	0.000000	0.000000	0.000000	0.000000	0.000000
32.800765	0.000000	0.000000	0.000000	0.000000	0.000000
32.835530	0.000000	0.000000	0.000000	0.000000	0.000000
32.870295	0.000000	0.000000	0.000000	0.000000	0.000000
32.905060	0.000000	0.000000	0.000000	0.000000	0.000000
32.939825	0.000000	0.000000	0.000000	0.000000	0.000000
32.974590	0.000000	0.000000	0.000000	0.000000	0.000000
33.009355	0.000000	0.000000	0.000000	0.000000	0.000000
33.044120	0.000000	0.000000	0.000000	0.000000	0.000000
33.078885	0.000000	0.000000	0.000000	0.000000	0.000000
33.113650	0.000000	0.000000	0.000000	0.000000	0.000000
33.148415	0.000000	0.000000	0.000000	0.000000	0.000000
33.183180	0.000000	0.000000	0.000000	0.000000	0.000000
33.217945	0.000000	0.000000	0.000000	0.000000	0.000000
33.252710	0.000000	0.000000	0.000000	0.000000	0.000000
33.287475	0.000000	0.000000	0.000000	0.000000	0.000000
33.322240	0.000000	0.000000	0.000000	0.000000	0.000000
33.357005	0.000000	0.000000	0.000000	0.000000	0.000000
33.391770	0.000000	0.000000	0.000000	0.000000	0.000000
33.426535	0.000000	0.000000	0.000000	0.000000	0.000000
33.461300	0.000000	0.000000	0.000000	0.000000	0.000000
33.496065	0.000000	0.000000	0.000000	0.000000	0.000000
33.530830	0.000000	0.000000	0.000000	0.000000	0.000000
33.565595	0.000000	0.000000	0.000000	0.000000	0.000000
33.600360	0.000000	0.000000	0.000000	0.000000	0.000000
33.635125	0.000000	0.000000	0.000000	0.000000	0.000000
33.669890	0.000000	0.000000	0.000000	0.000000	0.000000
33.704655	0.000000	0.000000	0.000000	0.000000	0.000000
33.739420	0.000000	0.000000	0.000000	0.000000	0.000000
33.774185	0.000000	0.000000	0.000000	0.000000	0.000000
33.808950	0.000000	0.000000	0.000000	0.000000	0.000000
33.843714	0.000000	0.000000	0.000000	0.000000	0.000000
33.878479	0.000000	0.000000	0.000000	0.000000	0.000000
33.913244	0.000000	0.000000	0.000000	0.000000	0.000000
33.948009	0.000000	0.000000	0.000000	0.000000	0.000000
33.982774	0.000000	0.000000	0.000000	0.000000	0.000000
34.017539	0.000000	0.000000	0.000000	0.000000	0.000000
34.052304	0.000000	0.000000	0.000000	0.000000	0.000000
34.087069	0.000000	0.000000	0.000000	0.000000	0.000000
34.121834	0.000000	0.000000	0.000000	0.000000	0.000000
34.156599	0.000000	0.000000	0.000000	0.000000	0.000000
34.191364	0.000000	0.000000	0.000000	0.000000	0.000000
34.226129	0.000000	0.000000	0.000000	0.000000	0.000000
34.260894	0.000000	0.000000	0.000000	0.000000	0.000000
34.295659	0.000000	0.000000	0.000000	0.000000	0.000000
34.330424	0.000000	0.000000	0.000000	0.000000	0.000000
34.365189	0.000000	0.000000	0.000000	0.000000	0.000000
34.399954	0.000000	0.000000	0.000000	0.000000	0.000000
34.434719	0.000000	0.000000	0.000000	0.000000	0.000000
34.469484	0.000000	0.000000	0.000000	0.000000	0.000000
34.504249	0.000000	0.000000	0.000000	0.000000	0.000000
34.539014	0.000000	0.000000	0.000000	0.000000	0.000000
34.573779	0.000000	0.000000	0.000000	0.000000	0.000000
34.608544	0.000000	0.000000	0.000000	0.000000	0.000000
34.643309	0.000000	0.000000	0.000000	0.000000	0.000000
34.678074	0.000000	0.000000	0.000000	0.000000	0.000000
34.712839	0.000000	0.000000	0.000000	0.000000	0.000000
34.747604	0.000000	0.000000	0.000000	0.000000	0.000000
