#	r	total	0-0	0-1	0-2	1-1	1-2	2-2
0.017382 0.000000 0.000000 0.000000 0.000000 0.000000 0.000000 0.000000
0.052147 0.000000 0.000000 0.000000 0.000000 0.000000 0.000000 0.000000
0.086912 0.000000 0.000000 0.000000 0.000000 0.000000 0.000000 0.000000
0.121677 0.000000 0.000000 0.000000 0.000000 0.000000 0.000000 0.000000
0.156442 0.000000 0.000000 0.000000 0.000000 0.000000 0.000000 0.000000
0.191207 0.000000 0.000000 0.000000 0.000000 0.000000 0.000000 0.000000
0.225972 0.000000 0.000000 0.000000 0.000000 0.000000 0.000000 0.000000
0.260737 0.000000 0.000000 0.000000 0.000000 0.000000 0.000000 0.000000
0.295502 0.000000 0.000000 0.000000 0.000000 0.000000 0.000000 0.000000
0.330267 0.000000 0.000000 0.000000 0.000000 0.000000 0.000000 0.000000
0.365032 0.000000 0.000000 0.000000 0.000000 0.000000 0.000000 0.000000
0.399797 0.000000 0.000000 0.000000 0.000000 0.000000 0.000000 0.000000
0.434562 0.000000 0.000000 0.000000 0.000000 0.000000 0.000000 0.000000
0.469327 0.000000 0.000000 0.000000 0.000000 0.000000 0.000000 0.000000
0.504092 0.000000 0.000000 0.000000 0.000000 0.000000 0.000000 0.000000
0.538857 0.000000 0.000000 0.000000 0.000000 0.000000 0.000000 0.000000
0.573622 0.000000 0.000000 0.000000 0.000000 0.000000 0.000000 0.000000
0.608387 0.000000 0.000000 0.000000 0.000000 0.000000 0.000000 0.000000
0.643152 0.000000 0.000000 0.000000 0.000000 0.000000 0.000000 0.000000
0.677917 0.000000 0.000000 0.000000 0.000000 0.000000 0.000000 0.000000
0.712682 0.000000 0.000000 0.000000 0.000000 0.000000 0.000000 0.000000
0.747447 0.000000 0.000000 0.000000 0.000000 0.000000 0.000000 0.000000
0.782212 0.000000 0.000000 0.000000 0.000000 0.000000 0.000000 0.000000
0.816977 0.000000 0.000000 0.000000 0.000000 0.000000 0.000000 0.000000
0.851742 0.000000 0.000000 0.000000 0.000000 0.000000 0.000000 0.000000
0.886507 0.000000 0.000000 0.000000 0.000000 0.000000 0.000000 0.000000
0.921272 0.000000 0.000000 0.000000 0.000000 0.000000 0.000000 0.000000
0.956037 0.000000 0.000000 0.000000 0.000000 0.000000 0.000000 0.000000
0.990802 0.000000 0.000000 0.000000 0.000000 0.000000 0.000000 0.000000
1.025567 0.000000 0.000000 0.000000 0.000000 0.000000 0.000000 0.000000
1.060332 0.000000 0.000000 0.000000 0.000000 0.000000 0.000000 0.000000
1.095097 0.000000 0.000000 0.000000 0.000000 0.000000 0.000000 0.000000
1.129862 0.000000 0.000000 0.000000 0.000000 0.000000 0.000000 0.000000
1.164627 0.000000 0.000000 0.000000 0.000000 0.000000 0.000000 0.000000
1.199392 0.000000 0.000000 0.000000 0.000000 0.000000 0.000000 0.000000
1.234157 0.000000 0.000000 0.000000 0.000000 0.000000 0.000000 0.000000
1.268922 0.000000 0.000000 0.000000 0.000000 0.000000 0.000000 0.000000
1.303687 0.000000 0.000000 0.000000 0.000000 0.000000 0.000000 0.000000
1.338452 0.000000 0.000000 0.000000 0.000000 0.000000 0.000000 0.000000
1.373217 0.000000 0.000000 0.000000 0.000000 0.000000 0.000000 0.000000
1.407982 0.000000 0.000000 0.000000 0.000000 0.000000 0.000000 0.000000
1.442747 0.000000 0.000000 0.000000 0.000000 0.000000 0.000000 0.000000
1.477512 0.000000 0.000000 0.000000 0.000000 0.000000 0.000000 0.000000
1.512277 0.000000 0.000000 0.000000 0.000000 0.000000 0.000000 0.000000
1.547042 0.000000 0.000000 0.000000 0.000000 0.000000 0.000000 0.000000
1.581807 0.000000 0.000000 0.000000 0.000000 0.000000 0.000000 0.000000
1.616572 0.000000 0.000000 0.000000 0.000000 0.000000 0.000000 0.000000
1.651337 0.000000 0.000000 0.000000 0.000000 0.000000 0.000000 0.000000
1.686102 0.000000 0.000000 0.000000 0.000000 0.000000 0.000000 0.000000
1.720867 0.000000 0.000000 0.000000 0.000000 0.000000 0.000000 0.000000
1.755632 0.000000 0.000000 0.000000 0.000000 0.000000 0.000000 0.000000
1.790397 0.000000 0.000000 0.000000 0.000000 0.000000 0.000000 0.000000
1.825162 0.000000 0.000000 0.000000 0.000000 0.000000 0.000000 0.000000
1.859927 0.000000 0.000000 0.000000 0.000000 0.000000 0.000000 0.000000
1.894692 0.000000 0.000000 0.000000 0.000000 0.000000 0.000000 0.000000
1.929457 0.000004 0.000000 0.000000 0.000000 0.000000 0.000018 0.000000
1.964222 0.000508 0.000000 0.000017 0.000000 0.000000 0.002270 0.000000
1.998987 0.013030 0.000000 0.000198 0.000000 0.000000 0.058438 0.000000
2.033752 0.152954 0.000000 0.001433 0.000000 0.000000 0.686860 0.000000
2.068517 0.839137 0.000000 0.008095 0.000000 0.000000 3.768019 0.000000
2.103282 2.413984 0.000000 0.038599 0.000000 0.000000 10.824329 0.000000
2.138047 3.964730 0.000000 0.127319 0.000000 0.000000 17.713967 0.000000
2.172812 4.067125 0.000000 0.340415 0.000000 0.000000 17.961648 0.000000
2.207577 2.889910 0.000000 0.755711 0.000000 0.000000 12.248882 0.000000
2.242342 1.655329 0.000000 1.379947 0.000000 0.000000 6.069034 0.000000
2.277107 1.008782 0.000000 2.198513 0.000000 0.000000 2.341008 0.000000
2.311872 0.862810 0.000000 3.097193 0.000000 0.000000 0.785452 0.000000
2.346637 0.931674 0.000000 3.945707 0.000000 0.000000 0.246826 0.000000
2.381402 1.032036 0.000000 4.563646 0.000000 0.000000 0.080518 0.000000
2.416167 1.097265 0.000000 4.907881 0.000000 0.000000 0.029814 0.000000
2.450932 1.105624 0.000000 4.963861 0.000044 0.000000 0.011434 0.000000
2.485697 1.064151 0.000000 4.783798 0.000000 0.000000 0.004881 0.000000
2.520462 0.983308 0.000000 4.422573 0.000041 0.000000 0.002301 0.000000
2.555227 0.883059 0.000000 3.972666 0.000081 0.000000 0.001079 0.000000
2.589992 0.777398 0.000000 3.497606 0.000314 0.000000 0.000609 0.000000
2.624756 0.672337 0.000076 3.024895 0.000803 0.000000 0.000411 0.000000
2.659521 0.576456 0.000074 2.592852 0.003426 0.000000 0.000335 0.000000
2.694286 0.490199 0.000073 2.203748 0.007402 0.000000 0.000290 0.000000
2.729051 0.417961 0.000212 1.876041 0.017932 0.000000 0.000274 0.000000
2.763816 0.359109 0.000138 1.604687 0.044208 0.000022 0.000190 0.000000
2.798581 0.309605 0.000202 1.370671 0.088319 0.000139 0.000168 0.000000
2.833346 0.271661 0.000656 1.180777 0.162781 0.000340 0.000238 0.000000
2.868111 0.244868 0.001345 1.029771 0.276378 0.001285 0.000304 0.000000
2.902876 0.229666 0.001438 0.911469 0.455383 0.003810 0.000383 0.000000
2.937641 0.221708 0.002137 0.806587 0.686232 0.009462 0.000351 0.000000
2.972406 0.225468 0.005128 0.727278 0.981291 0.020419 0.000529 0.000000
3.007171 0.239080 0.007107 0.661988 1.316722 0.041541 0.000721 0.000000
3.041936 0.261524 0.008882 0.608506 1.635682 0.078649 0.001025 0.000000
3.076701 0.294257 0.012355 0.564327 1.960925 0.133252 0.001551 0.000000
3.111466 0.340725 0.016216 0.530789 2.241811 0.218701 0.002592 0.000000
3.146231 0.401638 0.021714 0.501507 2.434750 0.345297 0.003865 0.000000
3.180996 0.484298 0.027750 0.479125 2.574694 0.523419 0.006222 0.000104
3.215761 0.595419 0.038157 0.463377 2.609930 0.774427 0.009864 0.000306
3.250526 0.739860 0.043927 0.453132 2.602940 1.102901 0.014142 0.000548
3.285291 0.921370 0.057255 0.442934 2.541432 1.519690 0.021141 0.001562
3.320056 1.133405 0.067342 0.444967 2.450921 2.001906 0.030062 0.002676
3.354821 1.350565 0.078919 0.436015 2.336353 2.501078 0.044644 0.006179
3.389586 1.561297 0.098355 0.436982 2.258594 2.974321 0.061787 0.011876
3.424351 1.749504 0.109173 0.435949 2.177093 3.394959 0.086810 0.017387
3.459116 1.889956 0.129135 0.444060 2.120300 3.697982 0.115035 0.028222
3.493881 1.978670 0.151954 0.442954 2.093268 3.880813 0.151847 0.042207
3.528646 2.015279 0.173177 0.452753 2.098936 3.933867 0.195384 0.052000
3.563411 1.997622 0.196782 0.460801 2.115228 3.860580 0.245827 0.064847
3.598176 1.937651 0.221359 0.471629 2.152169 3.684828 0.303235 0.073569
3.632941 1.842957 0.253187 0.482659 2.206935 3.427115 0.363510 0.076200
3.667706 1.729451 0.281111 0.492336 2.262733 3.126886 0.425710 0.079109
3.702471 1.609441 0.310483 0.507509 2.314634 2.811034 0.486693 0.069983
3.737236 1.497675 0.343697 0.523283 2.389210 2.507087 0.553694 0.064952
3.772001 1.398718 0.376899 0.534625 2.432108 2.241129 0.615266 0.055541
3.806766 1.312446 0.414980 0.553566 2.440984 2.008995 0.666581 0.046024
3.841531 1.241230 0.448521 0.566992 2.465045 1.810220 0.721622 0.033236
3.876296 1.183987 0.481604 0.590312 2.452425 1.644888 0.771233 0.026506
3.911061 1.137413 0.521952 0.608299 2.427239 1.510302 0.814730 0.021388
3.945826 1.094243 0.565140 0.623081 2.383862 1.389309 0.853839 0.015565
3.980591 1.058300 0.604054 0.643977 2.299996 1.286193 0.893945 0.012302
4.015356 1.026223 0.644743 0.667285 2.222765 1.191379 0.930306 0.010946
4.050121 0.999131 0.678589 0.690339 2.117310 1.112954 0.964297 0.011177
4.084886 0.975272 0.723949 0.712042 2.005366 1.039700 1.003670 0.014207
4.119651 0.951578 0.769457 0.736894 1.894929 0.966945 1.038858 0.020363
4.154416 0.932905 0.809745 0.765626 1.761152 0.907020 1.073058 0.030738
4.189181 0.916982 0.843552 0.787865 1.649354 0.849745 1.115346 0.047491
4.223946 0.902858 0.875343 0.819230 1.520283 0.797953 1.149237 0.071988
4.258711 0.890230 0.908167 0.848268 1.386607 0.752506 1.180029 0.100446
4.293476 0.882904 0.944018 0.875633 1.280278 0.712769 1.215872 0.143638
4.328241 0.874775 0.979365 0.901330 1.180716 0.676401 1.240179 0.196598
4.363006 0.870655 0.993930 0.933477 1.087791 0.643801 1.268202 0.259816
4.397771 0.865783 1.016032 0.962693 0.994894 0.612849 1.290159 0.333956
4.432536 0.863255 1.053167 0.990865 0.916511 0.589997 1.300254 0.422077
4.467301 0.863264 1.059357 1.016523 0.849175 0.569974 1.315521 0.543854
4.502066 0.862134 1.081762 1.043433 0.789235 0.552600 1.318377 0.640521
4.536831 0.861249 1.090765 1.068958 0.737743 0.536928 1.316966 0.760484
4.571596 0.861015 1.108218 1.092123 0.690443 0.522530 1.315338 0.887275
4.606361 0.860724 1.105035 1.108759 0.651297 0.515795 1.304441 1.020122
4.641126 0.861804 1.114027 1.128463 0.620359 0.509480 1.289921 1.171430
4.675891 0.861292 1.108294 1.145582 0.594844 0.502483 1.271827 1.329538
4.710656 0.863155 1.125851 1.162243 0.578939 0.498360 1.254127 1.485148
4.745421 0.863663 1.139524 1.172507 0.562779 0.495692 1.233462 1.647957
4.780186 0.865283 1.143229 1.181561 0.553758 0.493877 1.213064 1.840403
4.814951 0.867390 1.145436 1.190125 0.549165 0.492399 1.197209 2.005212
4.849716 0.870856 1.157923 1.201036 0.540110 0.492602 1.181456 2.171102
4.884481 0.872734 1.157110 1.199542 0.535309 0.490387 1.175686 2.342683
4.919246 0.878371 1.162148 1.203819 0.530784 0.493122 1.180732 2.431298
4.954011 0.882322 1.171031 1.203034 0.527171 0.494218 1.193055 2.462014
4.988776 0.886216 1.153306 1.203045 0.517775 0.494406 1.228603 2.351255
5.023541 0.895401 1.147524 1.207492 0.503348 0.500434 1.282465 2.153613
5.058306 0.900440 1.138249 1.203333 0.496329 0.503991 1.329724 1.956614
5.093071 0.907188 1.119594 1.195205 0.484763 0.508230 1.384916 1.797005
5.127836 0.916215 1.113160 1.189137 0.482249 0.515654 1.437146 1.645357
5.162601 0.924711 1.100176 1.181383 0.479601 0.522469 1.486581 1.527010
5.197366 0.931030 1.098125 1.171872 0.483192 0.528276 1.526960 1.409487
5.232130 0.938379 1.085447 1.161958 0.484547 0.537891 1.561955 1.329525
5.266895 0.945002 1.081648 1.158183 0.489244 0.547403 1.586496 1.244043
5.301660 0.949578 1.079486 1.156839 0.494863 0.558164 1.592839 1.187540
5.336425 0.954140 1.080433 1.157267 0.502200 0.569993 1.595310 1.123722
5.371190 0.958892 1.077869 1.166293 0.512493 0.584705 1.581037 1.083329
5.405955 0.961471 1.072721 1.173592 0.522209 0.600624 1.555841 1.050350
5.440720 0.964604 1.078277 1.183836 0.530444 0.620856 1.520594 1.017428
5.475485 0.966762 1.082393 1.199204 0.547751 0.640941 1.473025 0.992653
5.510250 0.967514 1.094162 1.204752 0.557500 0.665149 1.419645 0.983759
5.545015 0.970976 1.086123 1.219633 0.569962 0.693017 1.363937 0.972267
5.579780 0.970962 1.087927 1.225285 0.587290 0.721361 1.298274 0.961899
5.614545 0.974210 1.101069 1.231092 0.596568 0.755374 1.235763 0.956541
5.649310 0.976956 1.105287 1.238461 0.614859 0.790364 1.166217 0.952150
5.684075 0.980142 1.112028 1.232624 0.623357 0.829603 1.105220 0.949964
5.718840 0.985030 1.116381 1.227229 0.643209 0.871888 1.041175 0.960856
5.753605 0.990623 1.116410 1.216337 0.654549 0.917091 0.983403 0.965543
5.788370 0.995901 1.114376 1.202866 0.673590 0.960364 0.928999 0.970144
5.823135 1.002642 1.132540 1.181485 0.689171 1.007253 0.880398 0.973121
5.857900 1.008357 1.141091 1.160449 0.700328 1.051494 0.832715 0.989900
5.892665 1.016708 1.150121 1.135666 0.719239 1.100060 0.790600 1.001786
5.927430 1.021332 1.159461 1.104664 0.727306 1.141651 0.754665 1.012846
5.962195 1.027675 1.164282 1.078807 0.750438 1.182297 0.719937 1.024454
5.996960 1.030404 1.172913 1.047499 0.762945 1.216808 0.688643 1.037690
6.031725 1.035191 1.188262 1.018682 0.786264 1.251092 0.660543 1.054810
6.066490 1.038808 1.190600 0.991520 0.796145 1.280788 0.640632 1.064371
6.101255 1.040686 1.209168 0.965047 0.808645 1.305123 0.618478 1.088081
6.136020 1.042493 1.220327 0.936799 0.828339 1.325062 0.606592 1.104625
6.170785 1.041373 1.229264 0.910949 0.843479 1.339412 0.592843 1.112288
6.205550 1.043128 1.242712 0.889544 0.862441 1.353101 0.585759 1.132981
6.240315 1.041787 1.239267 0.866764 0.873591 1.362667 0.579752 1.143066
6.275080 1.040978 1.249188 0.848002 0.890730 1.368437 0.576105 1.156699
6.309845 1.040223 1.259940 0.830141 0.904905 1.373079 0.575892 1.160753
6.344610 1.039914 1.261181 0.815591 0.917087 1.375206 0.580718 1.167777
6.379375 1.038975 1.271875 0.800808 0.934524 1.374283 0.587488 1.167265
6.414140 1.038977 1.267409 0.789857 0.950953 1.372280 0.598200 1.172906
6.448905 1.040356 1.274264 0.778647 0.962611 1.371338 0.613962 1.171062
6.483670 1.041270 1.268869 0.769131 0.974586 1.369086 0.629237 1.175368
6.518435 1.043980 1.276622 0.762126 0.990286 1.365180 0.650242 1.184252
6.553200 1.048101 1.272510 0.758965 1.008954 1.360931 0.674960 1.194918
6.587965 1.053333 1.266823 0.755125 1.021166 1.359514 0.701490 1.205706
6.622730 1.057892 1.267215 0.750749 1.035757 1.353568 0.732933 1.218833
6.657495 1.062675 1.266685 0.750215 1.052526 1.348156 0.759517 1.236197
6.692260 1.069011 1.256653 0.752819 1.065745 1.340740 0.795083 1.261217
6.727025 1.073893 1.253523 0.755235 1.078921 1.332045 0.825912 1.286889
6.761790 1.080330 1.244100 0.758944 1.087172 1.324851 0.859629 1.327223
6.796555 1.085289 1.235557 0.764063 1.104425 1.312516 0.893873 1.362252
6.831320 1.091460 1.229663 0.772088 1.114560 1.302196 0.927564 1.401435
6.866085 1.096780 1.221924 0.780864 1.130340 1.289397 0.959805 1.445769
6.900850 1.096493 1.205207 0.789068 1.138384 1.269085 0.986572 1.481275
6.935615 1.097999 1.201840 0.797253 1.145925 1.252956 1.011051 1.520555
6.970380 1.096391 1.187312 0.810420 1.150711 1.230875 1.031815 1.549448
7.005145 1.093660 1.176233 0.821867 1.162985 1.209456 1.045588 1.578627
7.039910 1.087410 1.162295 0.835453 1.167020 1.184688 1.051892 1.596633
7.074675 1.079963 1.146532 0.846624 1.168562 1.158726 1.060281 1.600168
7.109440 1.071439 1.125267 0.863658 1.174188 1.131620 1.060860 1.596085
7.144205 1.063466 1.120639 0.878645 1.180252 1.105949 1.061357 1.588423
7.178970 1.053534 1.105661 0.895315 1.182204 1.076600 1.062451 1.569407
7.213735 1.042945 1.088996 0.908495 1.187673 1.047423 1.062691 1.553425
7.248500 1.033687 1.082355 0.925022 1.185181 1.020628 1.063955 1.518145
7.283265 1.023221 1.063844 0.942117 1.185261 0.991131 1.066097 1.477766
7.318030 1.015035 1.050219 0.958855 1.191197 0.965018 1.070307 1.435063
7.352795 1.007521 1.039171 0.977062 1.194420 0.938677 1.078019 1.383249
7.387560 0.999171 1.025977 0.993944 1.190517 0.913017 1.084174 1.329930
7.422325 0.992262 1.012783 1.008805 1.186649 0.890391 1.092621 1.277672
7.457090 0.986141 1.002159 1.023131 1.185008 0.869581 1.100971 1.222804
7.491855 0.978658 0.996428 1.036898 1.176575 0.848994 1.105757 1.156949
7.526620 0.973377 0.979674 1.052684 1.174031 0.828591 1.115920 1.107544
7.561385 0.968632 0.968991 1.064884 1.161353 0.813435 1.123616 1.056084
7.596150 0.964129 0.958325 1.079602 1.159375 0.797093 1.129999 1.001273
7.630915 0.960576 0.952915 1.093908 1.149921 0.783540 1.136542 0.947722
7.665680 0.955741 0.941566 1.103677 1.136771 0.770761 1.140485 0.906100
7.700445 0.951872 0.931840 1.113514 1.125082 0.759515 1.145234 0.863154
7.735210 0.948862 0.922761 1.123467 1.109986 0.750600 1.148464 0.831243
7.769975 0.945950 0.913946 1.130033 1.099949 0.743732 1.149745 0.802416
7.804740 0.943097 0.908823 1.138522 1.083400 0.737459 1.149313 0.773870
7.839504 0.940227 0.897891 1.142376 1.067023 0.732782 1.150101 0.751892
7.874269 0.938226 0.887814 1.147621 1.057252 0.729363 1.149315 0.728529
7.909034 0.937210 0.882906 1.155178 1.044618 0.727612 1.145970 0.716462
7.943799 0.935592 0.875196 1.157008 1.033570 0.726777 1.144229 0.700629
7.978564 0.934991 0.867378 1.158651 1.023101 0.728718 1.141291 0.687055
8.013329 0.933987 0.862379 1.159118 1.012812 0.729989 1.137269 0.684626
8.048094 0.933013 0.856116 1.159557 0.997883 0.732662 1.132162 0.680229
8.082859 0.934083 0.849856 1.160497 0.988632 0.738648 1.128149 0.672326
8.117624 0.934862 0.844623 1.158294 0.987405 0.744153 1.123886 0.671712
8.152389 0.935307 0.836491 1.157717 0.980453 0.748609 1.119906 0.674945
8.187154 0.936865 0.834480 1.153026 0.973877 0.758124 1.114316 0.676165
8.221919 0.938374 0.830477 1.149438 0.973124 0.765342 1.110434 0.680286
8.256684 0.941788 0.825438 1.148149 0.966423 0.776958 1.105228 0.687738
8.291449 0.943577 0.824270 1.141610 0.964236 0.786051 1.102112 0.689454
8.326214 0.946925 0.822949 1.136288 0.964374 0.798372 1.096928 0.697927
8.360979 0.949903 0.820046 1.127372 0.963790 0.811558 1.092037 0.708684
8.395744 0.953901 0.821878 1.122429 0.961808 0.824420 1.088281 0.718560
8.430509 0.958306 0.819220 1.115931 0.962053 0.839561 1.083727 0.725454
8.465274 0.962773 0.822254 1.107821 0.963360 0.854789 1.079029 0.739409
8.500039 0.967409 0.820427 1.099779 0.967524 0.870613 1.074082 0.750559
8.534804 0.973346 0.823528 1.092651 0.968116 0.889322 1.068497 0.762371
8.569569 0.978731 0.824306 1.084258 0.973021 0.906008 1.065073 0.773214
8.604334 0.984708 0.826475 1.075220 0.975869 0.925964 1.058332 0.787423
8.639099 0.990810 0.830305 1.069141 0.978153 0.944176 1.052462 0.802917
8.673864 0.997340 0.836518 1.059881 0.977432 0.965683 1.045515 0.818761
8.708629 1.002864 0.844058 1.052372 0.982866 0.985078 1.035575 0.828470
8.743394 1.009136 0.843865 1.045748 0.987515 1.005565 1.027188 0.837470
8.778159 1.014520 0.854259 1.035182 0.987800 1.026747 1.016763 0.849357
8.812924 1.020466 0.858982 1.032484 0.994517 1.044768 1.006739 0.858677
8.847689 1.024464 0.863652 1.020553 0.996263 1.064776 0.994081 0.871028
8.882454 1.029802 0.866086 1.015388 0.996717 1.084080 0.982857 0.882132
8.917219 1.033904 0.873133 1.007918 0.999988 1.102429 0.969066 0.892678
8.951984 1.037518 0.882990 1.001962 1.000986 1.119184 0.955784 0.896756
8.986749 1.040635 0.891338 0.991701 1.007183 1.135943 0.943080 0.903837
9.021514 1.042576 0.900211 0.983895 1.006598 1.149449 0.930909 0.909714
9.056279 1.045119 0.908036 0.978933 1.009625 1.162841 0.917703 0.918448
9.091044 1.046434 0.918704 0.971906 1.014300 1.172837 0.907244 0.925722
9.125809 1.046307 0.925078 0.964568 1.020880 1.180650 0.895756 0.927203
9.160574 1.046950 0.934417 0.957772 1.022808 1.189592 0.885102 0.933695
9.195339 1.045236 0.939409 0.949957 1.023951 1.194314 0.875482 0.928630
9.230104 1.044157 0.950130 0.943986 1.029860 1.197158 0.866888 0.938276
9.264869 1.043115 0.960155 0.935509 1.029937 1.201040 0.861063 0.942909
9.299634 1.041062 0.967396 0.929509 1.031267 1.201335 0.855633 0.945795
9.334399 1.039353 0.976117 0.924575 1.034552 1.201034 0.851016 0.950221
9.369164 1.036176 0.982786 0.917319 1.037817 1.198717 0.846566 0.953373
9.403929 1.033956 0.991636 0.913287 1.039050 1.195018 0.846669 0.952729
9.438694 1.031728 1.001813 0.907451 1.046651 1.191889 0.845074 0.956681
9.473459 1.028776 1.009577 0.901711 1.045373 1.187405 0.845905 0.956212
9.508224 1.025199 1.014486 0.897400 1.045548 1.180853 0.846122 0.959768
9.542989 1.022889 1.025753 0.894396 1.041045 1.175043 0.850067 0.959765
9.577754 1.020020 1.025717 0.890969 1.046710 1.167406 0.853724 0.965536
9.612519 1.017503 1.036082 0.888815 1.044649 1.159249 0.860202 0.964608
9.647284 1.014808 1.043238 0.887579 1.046827 1.151412 0.863965 0.961275
9.682049 1.011630 1.051985 0.886327 1.044541 1.140925 0.870927 0.964775
9.716814 1.010082 1.054888 0.885847 1.044713 1.132548 0.880327 0.968469
9.751579 1.006816 1.056144 0.887027 1.040798 1.122850 0.885245 0.963847
9.786344 1.005180 1.063011 0.887994 1.044438 1.112061 0.896288 0.967369
9.821109 1.002827 1.069306 0.890567 1.037562 1.103311 0.901296 0.969441
9.855874 1.000597 1.069401 0.891139 1.035337 1.092890 0.913118 0.961150
9.890639 0.999211 1.075758 0.896276 1.035810 1.083149 0.920133 0.962564
9.925404 0.997774 1.075177 0.901202 1.034235 1.072256 0.931454 0.958897
9.960169 0.995793 1.079468 0.904316 1.031351 1.062298 0.939645 0.957939
9.994934 0.995120 1.082815 0.911125 1.028692 1.052378 0.949752 0.959070
10.029699 0.993779 1.080841 0.915940 1.024131 1.042770 0.959162 0.961802
10.064464 0.993203 1.084767 0.923156 1.018930 1.032660 0.970727 0.959070
10.099229 0.992562 1.086071 0.930102 1.017152 1.023015 0.980707 0.957127
10.133994 0.991210 1.082346 0.934978 1.015077 1.013599 0.989483 0.957774
10.168759 0.989694 1.081388 0.942620 1.008441 1.002896 0.998237 0.957544
10.203524 0.990108 1.084167 0.951236 1.005009 0.994996 1.008028 0.955650
10.238289 0.988948 1.081923 0.957475 0.998622 0.985620 1.017058 0.956770
10.273054 0.988740 1.082315 0.966742 0.996408 0.977384 1.024362 0.952526
10.307819 0.987698 1.076639 0.973924 0.990261 0.968006 1.033205 0.954858
10.342584 0.987169 1.072274 0.982213 0.984260 0.960299 1.039405 0.959556
10.377349 0.986698 1.069583 0.989934 0.979467 0.952070 1.047051 0.963621
10.412113 0.986244 1.065898 0.997923 0.980906 0.943830 1.054032 0.960147
10.446878 0.985298 1.062812 1.006289 0.972356 0.935937 1.059244 0.963943
10.481643 0.983933 1.061883 1.012310 0.967739 0.928142 1.064404 0.960239
10.516408 0.983200 1.058261 1.018583 0.963709 0.919920 1.071985 0.966272
10.551173 0.982710 1.052051 1.027035 0.960433 0.913654 1.074785 0.971623
10.585938 0.982347 1.047498 1.034121 0.956841 0.907628 1.079668 0.970958
10.620703 0.981120 1.043150 1.037948 0.952558 0.901836 1.082515 0.978988
10.655468 0.980059 1.041663 1.042792 0.948487 0.895706 1.086670 0.976508
10.690233 0.979000 1.030114 1.050148 0.946954 0.890094 1.086961 0.981613
10.724998 0.979293 1.029103 1.055614 0.943300 0.886168 1.090787 0.988945
10.759763 0.978273 1.027114 1.058606 0.939569 0.881889 1.093266 0.986369
10.794528 0.977990 1.021829 1.063525 0.938360 0.878882 1.092921 0.995420
10.829293 0.977274 1.012844 1.066404 0.935800 0.875663 1.095042 0.995230
10.864058 0.976594 1.009617 1.068921 0.935763 0.873465 1.093467 1.001712
10.898823 0.976846 1.006176 1.072203 0.931568 0.872823 1.093545 1.005985
10.933588 0.976646 1.003771 1.074651 0.931085 0.871520 1.092794 1.009447
10.968353 0.976170 0.999713 1.075743 0.929175 0.870697 1.091698 1.013384
11.003118 0.975932 0.995629 1.076686 0.929909 0.871688 1.087946 1.014036
11.037883 0.976575 0.989553 1.076808 0.928664 0.874017 1.086778 1.016864
11.072648 0.977434 0.992575 1.077609 0.927416 0.876205 1.085338 1.017377
11.107413 0.977404 0.985069 1.076894 0.927597 0.878672 1.081668 1.019042
11.142178 0.978107 0.984766 1.076044 0.925281 0.882772 1.077599 1.023038
11.176943 0.978413 0.984941 1.074528 0.926933 0.885797 1.073498 1.027113
11.211708 0.979507 0.978671 1.074010 0.925466 0.890969 1.068991 1.033121
11.246473 0.980111 0.979940 1.071439 0.928569 0.895138 1.065373 1.030205
11.281238 0.981907 0.978119 1.070168 0.929358 0.901824 1.060796 1.034922
11.316003 0.982879 0.976335 1.065946 0.931368 0.908435 1.055319 1.039491
11.350768 0.984907 0.975487 1.065601 0.932253 0.915170 1.051091 1.040400
11.385533 0.985417 0.976729 1.061950 0.931364 0.921096 1.044094 1.049666
11.420298 0.987538 0.973497 1.058189 0.934532 0.930947 1.037399 1.048956
11.455063 0.989116 0.971950 1.055709 0.937141 0.938112 1.031650 1.053294
11.489828 0.990881 0.973304 1.050433 0.943077 0.946332 1.026454 1.055825
11.524593 0.992808 0.973239 1.045932 0.946083 0.955693 1.019725 1.059321
11.559358 0.994641 0.971826 1.042006 0.947694 0.964503 1.013915 1.060431
11.594123 0.997585 0.975989 1.038971 0.953738 0.974042 1.008090 1.068429
11.628888 0.999077 0.973941 1.034839 0.958225 0.981784 1.002048 1.072748
11.663653 1.001801 0.973906 1.029721 0.960584 0.992366 0.996558 1.081663
11.698418 1.002464 0.976248 1.023612 0.966459 0.999050 0.990930 1.078411
11.733183 1.006189 0.976128 1.021504 0.971337 1.009533 0.986336 1.088753
11.767948 1.007575 0.975934 1.016018 0.977981 1.017690 0.980303 1.087188
11.802713 1.010125 0.979898 1.010908 0.981306 1.027129 0.975375 1.097678
11.837478 1.012393 0.979666 1.005289 0.987503 1.035830 0.972172 1.098504
11.872243 1.014163 0.983075 1.002323 0.990844 1.043834 0.965540 1.100845
11.907008 1.016662 0.985767 0.997197 0.996575 1.051883 0.963321 1.106636
11.941773 1.018885 0.986094 0.992960 1.002423 1.059460 0.960377 1.110853
11.976538 1.020014 0.985707 0.987124 1.007026 1.065894 0.956623 1.116475
12.011303 1.022160 0.988357 0.984918 1.013051 1.071951 0.954475 1.116934
12.046068 1.024104 0.992434 0.980743 1.019160 1.078595 0.951961 1.117833
12.080833 1.025084 0.992087 0.977331 1.021842 1.083309 0.949350 1.120866
12.115598 1.026277 0.994237 0.973773 1.024659 1.088238 0.947598 1.119654
12.150363 1.026962 0.997758 0.969604 1.026574 1.092161 0.945676 1.122916
12.185128 1.028418 1.000227 0.967390 1.033826 1.095861 0.945034 1.122010
12.219893 1.028534 0.997056 0.964520 1.035049 1.098051 0.944693 1.117548
12.254658 1.029284 1.001962 0.961977 1.039102 1.101121 0.942578 1.119695
12.289423 1.029710 1.005870 0.958772 1.043713 1.102647 0.943628 1.114719
12.324188 1.029327 1.004067 0.957078 1.046144 1.102372 0.943545 1.116468
12.358953 1.028553 1.009742 0.953768 1.047553 1.102730 0.941918 1.113876
12.393718 1.027757 1.006198 0.951081 1.051366 1.102248 0.942173 1.108322
12.428483 1.027828 1.015563 0.951247 1.050409 1.101454 0.943504 1.104132
12.463248 1.026847 1.014182 0.950051 1.049822 1.099772 0.944202 1.102292
12.498013 1.025595 1.015499 0.947401 1.049862 1.097588 0.946377 1.094559
12.532778 1.024287 1.020368 0.947602 1.052065 1.094664 0.945770 1.088220
12.567543 1.023207 1.017269 0.946709 1.053864 1.091562 0.947719 1.090046
12.602308 1.021603 1.022236 0.947235 1.053526 1.087026 0.949691 1.080587
12.637073 1.020199 1.022600 0.947180 1.054332 1.083008 0.952293 1.071988
12.671838 1.017958 1.023689 0.946223 1.053204 1.077870 0.953597 1.071908
12.706603 1.016901 1.022595 0.948309 1.050403 1.074404 0.955206 1.066452
12.741368 1.014817 1.024658 0.948773 1.050864 1.068154 0.958017 1.062233
12.776133 1.013066 1.026942 0.949574 1.048656 1.062944 0.961603 1.049621
12.810898 1.011191 1.025934 0.951030 1.049850 1.056630 0.963992 1.051004
12.845663 1.009445 1.026675 0.952361 1.042882 1.050920 0.968187 1.048474
12.880428 1.007424 1.025329 0.954312 1.043413 1.045074 0.970276 1.037230
12.915193 1.005541 1.024497 0.957710 1.042660 1.037819 0.972938 1.039363
12.949958 1.004446 1.025073 0.959587 1.040310 1.032771 0.978008 1.029288
12.984723 1.002467 1.024465 0.960666 1.040407 1.025998 0.982659 1.020972
13.019487 1.000929 1.023834 0.964213 1.033873 1.019909 0.986444 1.018066
13.054252 0.999119 1.021261 0.966187 1.032809 1.014052 0.989193 1.013550
13.089017 0.997264 1.022091 0.969605 1.030917 1.007003 0.992558 1.008241
13.123782 0.995922 1.020100 0.972952 1.030123 1.000966 0.996001 1.005770
13.158547 0.994429 1.017966 0.977269 1.026041 0.994572 1.000134 0.997030
13.193312 0.992968 1.016855 0.979580 1.022342 0.988594 1.004559 0.994676
13.228077 0.991504 1.014742 0.983374 1.017456 0.982597 1.009150 0.982735
13.262842 0.991034 1.008782 0.988159 1.017090 0.977810 1.012726 0.982208
13.297607 0.989574 1.010015 0.990998 1.016583 0.972184 1.015509 0.974478
13.332372 0.988958 1.008554 0.996521 1.011115 0.967037 1.019436 0.971453
13.367137 0.988236 1.008015 0.998053 1.010705 0.962987 1.023284 0.968577
13.401902 0.987615 1.004795 1.001900 1.010026 0.958031 1.027727 0.963787
13.436667 0.986753 1.000443 1.006305 1.008623 0.953691 1.029409 0.960650
13.471432 0.986443 0.997983 1.009960 1.005574 0.950222 1.032426 0.960195
13.506197 0.986205 0.996791 1.013975 1.002402 0.946800 1.035775 0.954964
13.540962 0.986243 0.996403 1.017850 1.002281 0.943299 1.039347 0.953431
13.575727 0.985503 0.995362 1.019106 1.002699 0.940298 1.040899 0.952519
13.610492 0.985648 0.991760 1.023868 0.998006 0.938294 1.042831 0.949272
13.645257 0.986042 0.989183 1.026892 0.998114 0.936266 1.045710 0.951025
13.680022 0.985524 0.987931 1.028146 0.994469 0.935026 1.046406 0.945153
13.714787 0.985053 0.988570 1.031374 0.992999 0.932053 1.046996 0.947532
13.749552 0.985645 0.986573 1.033611 0.993574 0.931326 1.049129 0.946355
13.784317 0.985906 0.983760 1.035054 0.990849 0.931472 1.049669 0.945810
13.819082 0.985641 0.986976 1.036785 0.989623 0.930199 1.048878 0.948374
13.853847 0.985953 0.980547 1.039212 0.991292 0.930028 1.049005 0.945006
13.888612 0.986039 0.982884 1.039478 0.987631 0.930168 1.049715 0.943031
13.923377 0.986090 0.979371 1.041375 0.986589 0.930808 1.047493 0.942817
13.958142 0.986825 0.982213 1.042351 0.984811 0.931023 1.049318 0.944154
13.992907 0.986996 0.977459 1.042929 0.984541 0.933245 1.046031 0.941720
14.027672 0.987223 0.976272 1.042882 0.982108 0.934279 1.045451 0.944416
14.062437 0.987955 0.979904 1.043365 0.986057 0.936616 1.042657 0.940343
14.097202 0.988517 0.976814 1.042526 0.983205 0.938920 1.042193 0.942898
14.131967 0.989140 0.979608 1.042757 0.982785 0.941576 1.039241 0.942659
14.166732 0.989771 0.978917 1.042084 0.983134 0.944871 1.036559 0.939503
14.201497 0.990055 0.978557 1.041431 0.982250 0.947094 1.034148 0.940786
14.236262 0.990900 0.980103 1.039744 0.980247 0.951000 1.031988 0.941957
14.271027 0.991429 0.979677 1.038293 0.981497 0.954552 1.028545 0.941259
14.305792 0.992388 0.976028 1.037869 0.984544 0.958112 1.025703 0.942463
14.340557 0.992517 0.978695 1.033987 0.982195 0.962401 1.022413 0.937907
14.375322 0.993543 0.981492 1.033770 0.982232 0.966122 1.018905 0.942258
14.410087 0.994120 0.978467 1.031061 0.982509 0.970609 1.015907 0.939336
14.444852 0.994601 0.981724 1.028643 0.982764 0.974263 1.012934 0.937549
14.479617 0.995843 0.980174 1.027503 0.982466 0.979759 1.008854 0.938226
14.514382 0.996710 0.983251 1.024547 0.985231 0.983783 1.006258 0.940882
14.549147 0.997520 0.985992 1.021922 0.985427 0.988578 1.002405 0.942028
14.583912 0.999076 0.985225 1.019941 0.988954 0.993886 1.000011 0.941812
14.618677 0.998768 0.983252 1.016435 0.988170 0.997557 0.995114 0.942759
14.653442 1.000246 0.986050 1.014882 0.989014 1.002875 0.991714 0.946002
14.688207 1.000462 0.986946 1.010369 0.992267 1.006525 0.988718 0.948047
14.722972 1.001257 0.988605 1.007919 0.991192 1.011391 0.985239 0.946739
14.757737 1.002312 0.991349 1.004646 0.991595 1.016502 0.981827 0.952874
14.792502 1.002949 0.990894 1.003187 0.994584 1.020091 0.978349 0.952375
14.827267 1.004286 0.990734 1.000557 0.996386 1.024516 0.976845 0.959309
14.862032 1.004620 0.994612 0.997929 0.996414 1.028335 0.972965 0.958356
14.896797 1.005383 0.996257 0.994366 0.997320 1.032365 0.970932 0.962667
14.931562 1.005940 0.998795 0.991730 0.999358 1.035989 0.967899 0.963461
14.966327 1.006466 0.999492 0.988709 1.001807 1.038827 0.966300 0.968391
15.001092 1.006893 0.998964 0.986713 1.002229 1.041165 0.965308 0.969920
15.035857 1.007803 0.999844 0.984982 1.006326 1.043975 0.963658 0.975696
15.070622 1.008666 1.001963 0.982601 1.007449 1.047750 0.962121 0.973354
15.105387 1.008689 1.001212 0.980771 1.006742 1.049096 0.961078 0.977796
15.140152 1.009426 1.006645 0.978849 1.008814 1.051093 0.960757 0.980720
15.174917 1.009943 1.008245 0.977781 1.010745 1.052582 0.960464 0.980922
15.209682 1.009793 1.007314 0.974987 1.010121 1.053611 0.960268 0.985163
15.244447 1.010376 1.010772 0.974894 1.013612 1.054007 0.960455 0.988640
15.279212 1.010274 1.014828 0.972411 1.011428 1.055143 0.960201 0.989019
15.313977 1.010570 1.010780 0.970884 1.014141 1.055297 0.962000 0.993627
15.348742 1.010746 1.014376 0.970695 1.014824 1.055100 0.962503 0.995656
15.383507 1.010857 1.014729 0.970437 1.015019 1.054699 0.963342 1.000673
15.418272 1.011080 1.015007 0.970756 1.013619 1.054564 0.964746 0.999592
15.453037 1.010207 1.017715 0.968953 1.014498 1.052258 0.966184 1.003507
15.487802 1.010341 1.016270 0.969083 1.012413 1.051788 0.968173 1.004524
15.522567 1.010271 1.015811 0.968651 1.014245 1.050849 0.969411 1.007365
15.557332 1.009516 1.016404 0.969130 1.013173 1.047898 0.971375 1.009411
15.592097 1.009142 1.017412 0.969731 1.012769 1.045580 0.973583 1.010365
15.626861 1.009238 1.018348 0.969856 1.013303 1.044034 0.976230 1.014374
15.661626 1.008437 1.017197 0.970585 1.009902 1.042042 0.976997 1.013377
15.696391 1.007473 1.018171 0.971408 1.008860 1.038005 0.979926 1.014373
15.731156 1.007668 1.017603 0.973311 1.011039 1.036546 0.981380 1.014116
15.765921 1.006867 1.018582 0.973677 1.009493 1.033165 0.984477 1.013771
15.800686 1.005574 1.017985 0.974035 1.007984 1.029300 0.985974 1.017825
15.835451 1.004813 1.015932 0.975753 1.007000 1.025915 0.988433 1.015199
15.870216 1.003864 1.015362 0.977079 1.005500 1.022977 0.989442 1.012959
15.904981 1.002861 1.014787 0.978540 1.003484 1.018575 0.992829 1.013080
15.939746 1.001900 1.015927 0.979848 1.001368 1.015503 0.993970 1.011160
15.974511 1.001399 1.013095 0.981773 1.000572 1.012309 0.996934 1.009540
16.009276 0.999979 1.010470 0.982128 0.999399 1.008620 0.998222 1.009267
16.044041 0.999624 1.009967 0.985048 0.998176 1.004916 1.001676 1.007708
16.078806 0.998740 1.012425 0.987221 0.996909 1.001006 1.003085 1.009864
16.113571 0.997970 1.012215 0.988626 0.996424 0.997608 1.005560 1.006627
16.148336 0.996980 1.010148 0.990557 0.994284 0.993746 1.007665 1.006851
16.183101 0.996159 1.008971 0.992473 0.992296 0.990963 1.008650 1.003761
16.217866 0.995137 1.007474 0.994095 0.989509 0.987013 1.011463 1.001747
16.252631 0.994399 1.005967 0.995918 0.991728 0.983773 1.012551 1.000827
16.287396 0.994059 1.005543 0.998201 0.989986 0.981112 1.014564 1.000722
16.322161 0.993500 1.000487 0.999968 0.989998 0.978169 1.016800 1.000687
16.356926 0.993017 1.003229 1.001317 0.989078 0.975771 1.017574 1.003761
16.391691 0.992127 1.001917 1.003096 0.987438 0.972614 1.019412 0.997876
16.426456 0.991343 1.000651 1.004721 0.986513 0.969715 1.020350 0.998661
16.461221 0.991732 1.001950 1.007135 0.986281 0.968753 1.021272 1.000544
16.495986 0.990945 1.000223 1.008709 0.985585 0.966669 1.021137 0.997150
16.530751 0.990580 0.998775 1.009972 0.985311 0.965079 1.021576 0.997823
16.565516 0.990458 0.998726 1.011963 0.983729 0.962757 1.023842 0.999732
16.600281 0.990595 0.999736 1.013369 0.982404 0.962498 1.023707 1.000310
16.635046 0.990220 0.997355 1.014530 0.982625 0.960684 1.024657 1.000875
16.669811 0.989816 0.995518 1.016265 0.981499 0.959102 1.024801 1.000715
16.704576 0.990088 0.995115 1.016867 0.982406 0.959561 1.024209 1.001642
16.739341 0.990187 0.994771 1.017761 0.983979 0.959372 1.023825 1.001363
16.774106 0.990204 0.993827 1.019426 0.983203 0.958503 1.024081 1.003009
16.808871 0.990661 0.994803 1.020340 0.982339 0.959406 1.023333 1.004440
16.843636 0.990741 0.992539 1.020046 0.981854 0.959363 1.024301 1.005829
16.878401 0.990629 0.988686 1.019985 0.982790 0.959469 1.023565 1.008481
16.913166 0.991656 0.990922 1.021597 0.982939 0.960511 1.023974 1.010078
16.947931 0.992122 0.991527 1.021909 0.983547 0.960854 1.024262 1.014722
16.982696 0.992709 0.991708 1.021785 0.984422 0.962506 1.023387 1.015491
17.017461 0.992513 0.989181 1.021262 0.984476 0.963239 1.021877 1.015397
17.052226 0.992967 0.990614 1.021734 0.983298 0.964152 1.021446 1.017720
17.086991 0.993911 0.990418 1.021611 0.984017 0.966134 1.021270 1.021172
17.121756 0.994740 0.987710 1.021450 0.985401 0.968145 1.021046 1.021853
17.156521 0.995559 0.989294 1.020966 0.986819 0.970327 1.019820 1.025697
17.191286 0.995857 0.989291 1.020979 0.987705 0.971814 1.018272 1.023139
17.226051 0.996845 0.988047 1.020478 0.986798 0.974161 1.018658 1.025128
17.260816 0.997461 0.989132 1.020113 0.987005 0.976243 1.017639 1.023542
17.295581 0.998422 0.991612 1.019713 0.989235 0.978802 1.016119 1.025600
17.330346 0.999691 0.989795 1.019488 0.991764 0.982371 1.014386 1.026640
17.365111 0.999407 0.988223 1.017655 0.992028 0.984023 1.011757 1.026686
17.399876 1.000634 0.991570 1.016639 0.992199 0.987359 1.011078 1.027360
17.434641 1.001343 0.992199 1.015973 0.993223 0.989646 1.009806 1.029124
17.469406 1.002326 0.990878 1.014680 0.996516 0.993356 1.007426 1.029294
17.504171 1.002517 0.991105 1.013463 0.994984 0.995280 1.006246 1.027374
17.538936 1.003701 0.993898 1.012474 0.996006 0.999054 1.003937 1.031180
17.573701 1.003840 0.993803 1.010542 0.997207 1.001556 1.001673 1.027406
17.608466 1.004802 0.992757 1.009373 0.999793 1.004734 0.999875 1.030812
17.643231 1.005475 0.994403 1.008172 0.998475 1.007606 0.998628 1.029655
17.677996 1.005623 0.993065 1.006986 1.002597 1.009532 0.995722 1.030005
17.712761 1.006253 0.995118 1.005069 1.001691 1.012613 0.994233 1.030364
17.747526 1.006899 0.996037 1.003964 1.002426 1.015729 0.991934 1.028618
17.782291 1.007243 0.995224 1.002168 1.004721 1.017950 0.990321 1.028956
17.817056 1.006989 0.996707 1.000503 1.004939 1.019619 0.987138 1.029988
17.851821 1.007265 0.997919 0.998381 1.005760 1.021756 0.985924 1.029581
17.886586 1.007854 0.999460 0.998194 1.007080 1.023751 0.984432 1.028110
17.921351 1.007633 0.999596 0.995679 1.006526 1.025452 0.982463 1.029760
17.956116 1.008110 1.000397 0.994427 1.008596 1.026947 0.982215 1.030083
17.990881 1.007770 0.999823 0.992879 1.008841 1.028108 0.979909 1.030160
18.025646 1.007567 1.000387 0.990974 1.009736 1.028753 0.979465 1.029000
18.060411 1.007750 1.003321 0.990059 1.012381 1.029828 0.977835 1.030533
18.095176 1.007544 1.002230 0.988874 1.009757 1.030296 0.978262 1.028029
18.129941 1.007649 1.001892 0.988240 1.012003 1.030990 0.977368 1.028758
18.164706 1.006877 1.004588 0.986305 1.012549 1.030886 0.975895 1.026101
18.199471 1.006805 1.003666 0.985644 1.012058 1.030844 0.976430 1.027095
18.234235 1.006205 1.003658 0.984727 1.011804 1.030350 0.975842 1.025972
18.269000 1.005724 1.005837 0.983614 1.012249 1.029849 0.975649 1.024030
18.303765 1.005499 1.004532 0.983226 1.012698 1.029898 0.975087 1.023163
18.338530 1.005038 1.005413 0.982566 1.011726 1.028742 0.976305 1.021665
18.373295 1.004888 1.006273 0.982680 1.013456 1.028361 0.975850 1.020782
18.408060 1.004243 1.006728 0.981469 1.014423 1.026886 0.977234 1.017385
18.442825 1.004032 1.004818 0.981992 1.014149 1.026368 0.977470 1.014470
18.477590 1.003759 1.003184 0.981569 1.014289 1.025193 0.979096 1.015170
18.512355 1.003394 1.006774 0.981370 1.015831 1.024179 0.979201 1.012314
18.547120 1.003378 1.002646 0.981249 1.015774 1.023516 0.981753 1.007132
18.581885 1.002694 1.005005 0.981921 1.015521 1.021830 0.981415 1.004943
18.616650 1.002234 1.004922 0.982381 1.014568 1.020368 0.982349 1.002651
18.651415 1.001720 1.004526 0.982787 1.014915 1.018333 0.984055 0.999497
18.686180 1.001672 1.002807 0.983671 1.014859 1.017005 0.986066 0.997708
18.720945 1.001518 1.004953 0.984306 1.015779 1.015250 0.987885 0.996609
18.755710 1.001005 1.001878 0.985848 1.014884 1.013660 0.988585 0.990517
18.790475 1.000908 1.003616 0.986441 1.013332 1.011899 0.991373 0.989514
18.825240 1.000702 1.002404 0.987283 1.011827 1.010451 0.993128 0.988711
18.860005 1.000116 1.002955 0.987599 1.010396 1.008786 0.994145 0.985902
18.894770 0.999749 1.003149 0.989180 1.011485 1.006512 0.995599 0.982416
18.929535 0.999931 1.004510 0.990093 1.011316 1.005100 0.998612 0.979115
18.964300 1.000043 1.002463 0.991380 1.009812 1.003987 1.000755 0.978601
18.999065 0.999404 1.001766 0.992641 1.009803 1.001495 1.002034 0.975847
19.033830 0.999434 1.001338 0.993575 1.008285 1.000158 1.004249 0.976600
19.068595 0.998956 1.002709 0.994436 1.006930 0.998404 1.005425 0.972487
19.103360 0.998887 1.002477 0.995440 1.008368 0.996697 1.007313 0.971531
19.138125 0.998557 1.003047 0.996741 1.005474 0.994946 1.008655 0.971741
19.172890 0.998573 1.000952 0.997650 1.006367 0.993454 1.011060 0.969986
19.207655 0.997820 0.999157 0.998801 1.005575 0.991071 1.011978 0.967863
19.242420 0.997838 1.001800 1.000315 1.003833 0.989951 1.012826 0.968363
19.277185 0.997848 0.999219 1.001424 1.003351 0.988536 1.014946 0.969084
19.311950 0.997545 1.001056 1.002797 1.003286 0.987064 1.014921 0.969251
19.346715 0.997314 1.000275 1.003772 1.002498 0.986018 1.015337 0.968888
19.381480 0.997334 1.001404 1.004714 1.002699 0.985065 1.015886 0.971383
19.416245 0.996853 1.000311 1.005129 1.001208 0.983574 1.017194 0.968215
19.451010 0.996758 0.999972 1.006683 1.001185 0.981842 1.018403 0.970795
19.485775 0.996252 0.998861 1.006624 1.000166 0.981434 1.017254 0.971904
19.520540 0.996509 0.999634 1.008091 1.001644 0.980202 1.018543 0.975097
19.555305 0.995940 0.999563 1.008203 0.999695 0.979356 1.018202 0.973950
19.590070 0.992537 0.994445 1.005172 0.995036 0.975734 1.015169 0.972340
19.624835 0.988954 0.991470 1.002759 0.990050 0.971977 1.010759 0.971009
19.659600 0.985374 0.985848 0.999435 0.987181 0.968369 1.006824 0.969259
19.694365 0.981764 0.981126 0.996802 0.982734 0.964670 1.002549 0.967381
19.729130 0.978510 0.978899 0.993804 0.976879 0.961508 0.999174 0.965741
19.763895 0.974689 0.974765 0.990218 0.975242 0.957520 0.994834 0.962840
19.798660 0.971395 0.970176 0.988050 0.969648 0.954538 0.990524 0.959533
19.833425 0.967616 0.966924 0.984465 0.965676 0.950979 0.985674 0.959132
19.868190 0.964536 0.962395 0.979675 0.962103 0.948932 0.982641 0.955284
19.902955 0.960624 0.958334 0.977294 0.958528 0.945021 0.976952 0.952771
19.937720 0.957297 0.955505 0.973850 0.954509 0.942101 0.973010 0.949672
19.972485 0.954025 0.953291 0.970200 0.949132 0.939509 0.968872 0.948602
20.007250 0.950744 0.950735 0.966039 0.947372 0.936974 0.964251 0.947402
20.042015 0.947736 0.945536 0.962556 0.943821 0.934858 0.960203 0.945531
20.076780 0.944167 0.942803 0.958805 0.940848 0.931923 0.955132 0.943232
20.111545 0.941196 0.941086 0.954863 0.938714 0.930137 0.950557 0.938990
20.146310 0.938206 0.936140 0.951597 0.936268 0.927991 0.946057 0.937649
20.181075 0.934970 0.933367 0.948037 0.932215 0.925672 0.941475 0.934273
20.215840 0.931131 0.928968 0.944084 0.928856 0.922488 0.936212 0.931870
20.250605 0.928645 0.926268 0.940295 0.927284 0.921030 0.932728 0.929715
20.285370 0.925494 0.924722 0.935997 0.923353 0.919376 0.927644 0.927204
20.320135 0.922453 0.919633 0.932780 0.919486 0.916995 0.923817 0.925021
20.354900 0.919492 0.915899 0.928395 0.917396 0.915655 0.918955 0.921735
20.389665 0.916710 0.915790 0.924948 0.915973 0.913047 0.915814 0.918975
20.424430 0.913563 0.912095 0.920853 0.911714 0.911320 0.910882 0.917752
20.459195 0.910691 0.909101 0.916937 0.908544 0.909937 0.906327 0.913586
20.493960 0.908454 0.905675 0.913275 0.906597 0.908606 0.903680 0.912126
20.528725 0.905570 0.901898 0.909869 0.902227 0.906643 0.899596 0.912159
20.563490 0.902625 0.899985 0.905212 0.899972 0.904988 0.895380 0.910039
20.598255 0.899550 0.897547 0.901395 0.895376 0.902475 0.892290 0.906429
20.633020 0.897466 0.893981 0.898134 0.895769 0.901296 0.889163 0.904168
20.667785 0.894322 0.891027 0.894268 0.891973 0.898937 0.885258 0.901429
20.702550 0.891834 0.889175 0.889818 0.890426 0.897429 0.882484 0.898707
20.737315 0.889340 0.885003 0.887115 0.885129 0.895877 0.879239 0.896135
20.772080 0.887046 0.882995 0.883213 0.883119 0.894500 0.876677 0.893310
20.806845 0.883856 0.880759 0.879317 0.879472 0.891689 0.873422 0.890162
20.841609 0.881045 0.876979 0.875046 0.878049 0.889589 0.870534 0.886472
20.876374 0.878383 0.875423 0.871854 0.873984 0.887873 0.866643 0.884470
20.911139 0.875417 0.870536 0.867406 0.871718 0.885514 0.864402 0.878355
20.945904 0.872113 0.869624 0.863965 0.868555 0.882351 0.860413 0.876680
20.980669 0.868929 0.866476 0.859995 0.865005 0.879469 0.857577 0.872869
21.015434 0.866289 0.863388 0.856732 0.863664 0.877376 0.854210 0.870132
21.050199 0.863350 0.861038 0.853680 0.860325 0.874343 0.851719 0.866250
21.084964 0.859026 0.857790 0.848526 0.855970 0.870180 0.847826 0.861530
21.119729 0.853892 0.852698 0.844241 0.850239 0.865209 0.841724 0.855895
21.154494 0.848907 0.848966 0.839145 0.846260 0.859784 0.837628 0.848444
21.189259 0.843957 0.843358 0.834255 0.840814 0.855086 0.832513 0.841942
21.224024 0.838985 0.840117 0.828765 0.836840 0.849716 0.828280 0.837857
21.258789 0.834034 0.837007 0.823850 0.831995 0.844736 0.823137 0.832547
21.293554 0.829270 0.830398 0.818939 0.828706 0.839929 0.818747 0.825542
21.328319 0.824287 0.824296 0.814146 0.823504 0.834776 0.814250 0.819441
21.363084 0.819423 0.821680 0.809895 0.819675 0.828772 0.810497 0.814716
21.397849 0.814766 0.816317 0.805261 0.814954 0.823992 0.806170 0.810025
21.432614 0.809980 0.812670 0.800947 0.810758 0.818715 0.801703 0.804467
21.467379 0.804846 0.807505 0.795847 0.805805 0.813365 0.796721 0.800970
21.502144 0.800066 0.804300 0.791648 0.800583 0.808185 0.792302 0.794363
21.536909 0.795156 0.800219 0.787499 0.797132 0.802173 0.788414 0.789053
21.571674 0.790181 0.794059 0.782472 0.791874 0.797073 0.784047 0.783407
21.606439 0.785559 0.790875 0.778294 0.787372 0.791905 0.779719 0.779947
21.641204 0.780645 0.786429 0.773774 0.781972 0.786466 0.775569 0.774643
21.675969 0.776088 0.780480 0.769333 0.777503 0.781407 0.772158 0.769257
21.710734 0.771247 0.776719 0.765114 0.773206 0.776199 0.766993 0.765731
21.745499 0.766423 0.772957 0.760014 0.767456 0.771038 0.762974 0.762870
21.780264 0.762077 0.768021 0.756603 0.763884 0.765875 0.759236 0.758273
21.815029 0.757321 0.765610 0.752595 0.759357 0.760505 0.754568 0.753872
21.849794 0.752870 0.760378 0.748376 0.753724 0.755763 0.750858 0.749411
21.884559 0.748159 0.754547 0.743974 0.749449 0.750379 0.747070 0.745863
21.919324 0.743543 0.751671 0.740845 0.742908 0.744932 0.743124 0.739411
21.954089 0.739072 0.747509 0.736557 0.739911 0.739990 0.738867 0.736028
21.988854 0.734922 0.742415 0.733117 0.734690 0.735097 0.735723 0.733142
22.023619 0.730594 0.736434 0.728840 0.728966 0.730591 0.732287 0.728565
22.058384 0.726210 0.734395 0.725192 0.725673 0.725218 0.728648 0.723608
22.093149 0.721691 0.728656 0.721575 0.719383 0.720278 0.724496 0.720415
22.127914 0.717604 0.722377 0.718562 0.714624 0.715633 0.720997 0.715535
22.162679 0.713124 0.719555 0.714179 0.709114 0.710777 0.717287 0.710517
22.197444 0.708789 0.715333 0.710387 0.705151 0.705750 0.713388 0.708565
22.232209 0.704647 0.710579 0.706676 0.700327 0.701014 0.710352 0.703631
22.266974 0.700169 0.706643 0.702494 0.695146 0.696207 0.706115 0.700962
22.301739 0.696377 0.701815 0.699702 0.691621 0.691737 0.703079 0.694479
22.336504 0.692105 0.694669 0.695836 0.686522 0.687315 0.698873 0.693346
22.371269 0.687873 0.692098 0.691453 0.683167 0.682715 0.695286 0.687628
22.406034 0.683822 0.685592 0.687853 0.678420 0.678438 0.691524 0.685127
22.440799 0.679656 0.684000 0.684204 0.674367 0.674050 0.687018 0.680326
22.475564 0.675808 0.679038 0.680846 0.671022 0.669699 0.683503 0.678015
22.510329 0.671690 0.672565 0.676854 0.666260 0.665508 0.679685 0.675335
22.545094 0.668003 0.668662 0.673060 0.662600 0.661802 0.675857 0.674074
22.579859 0.663544 0.665537 0.668924 0.657282 0.657134 0.671464 0.670240
22.614624 0.659668 0.660143 0.665342 0.654712 0.653332 0.667063 0.665936
22.649389 0.655524 0.655252 0.660942 0.650544 0.649079 0.663533 0.661448
22.684154 0.651728 0.651088 0.657524 0.647110 0.645237 0.659271 0.658766
22.718919 0.647709 0.646942 0.653203 0.644097 0.641372 0.655163 0.653514
22.753684 0.643836 0.641153 0.649397 0.639726 0.637667 0.650979 0.651804
22.788449 0.639591 0.636748 0.645380 0.635930 0.633515 0.646290 0.647066
22.823214 0.635894 0.633701 0.640712 0.633978 0.630212 0.642163 0.644138
22.857979 0.632191 0.629643 0.637347 0.629604 0.626570 0.638173 0.640744
22.892744 0.628356 0.623464 0.633200 0.626446 0.623033 0.634145 0.637186
22.927509 0.624263 0.619838 0.629030 0.623679 0.619088 0.629476 0.632811
22.962274 0.620275 0.616298 0.624940 0.618823 0.615456 0.625114 0.628211
22.997039 0.616441 0.613350 0.620416 0.614952 0.612141 0.620798 0.624670
23.031804 0.612437 0.610003 0.616337 0.611779 0.608257 0.616268 0.621236
23.066569 0.608877 0.604828 0.613165 0.607855 0.605101 0.611986 0.616185
23.101334 0.604981 0.599864 0.608640 0.604602 0.601531 0.608011 0.612538
23.136099 0.600987 0.596368 0.604266 0.600521 0.597669 0.604235 0.607419
23.170864 0.597261 0.593004 0.600313 0.598241 0.594422 0.599403 0.603422
23.205629 0.593419 0.588836 0.595796 0.593433 0.590916 0.595822 0.599777
23.240394 0.589655 0.585324 0.592034 0.590224 0.587590 0.591034 0.595826
23.275159 0.585888 0.581238 0.588096 0.586864 0.584262 0.586650 0.590841
23.309924 0.582030 0.577757 0.584125 0.582702 0.580524 0.582922 0.585162
23.344689 0.578270 0.571268 0.580116 0.578611 0.577173 0.578925 0.582116
23.379454 0.574186 0.569316 0.575537 0.574458 0.573334 0.574579 0.578189
23.414219 0.570710 0.565294 0.571484 0.571578 0.570420 0.570745 0.572557
23.448983 0.566801 0.560943 0.567456 0.566547 0.566750 0.566735 0.569278
23.483748 0.563201 0.557935 0.563907 0.563413 0.563432 0.562469 0.564580
23.518513 0.559125 0.554102 0.559749 0.559421 0.559712 0.557855 0.559342
23.553278 0.555796 0.549979 0.556174 0.555698 0.556738 0.554219 0.556317
23.588043 0.552023 0.548116 0.552383 0.552361 0.552866 0.550430 0.551629
23.622808 0.548202 0.542810 0.548593 0.548282 0.549177 0.546642 0.547181
23.657573 0.544289 0.539178 0.544042 0.545387 0.545564 0.542339 0.544358
23.692338 0.540823 0.536958 0.540505 0.542209 0.542253 0.538617 0.539216
23.727103 0.537009 0.531345 0.536724 0.537696 0.538589 0.534659 0.537110
23.761868 0.533289 0.528551 0.532514 0.534822 0.535122 0.530542 0.533824
23.796633 0.529476 0.526404 0.528494 0.530900 0.531462 0.526388 0.530469
23.831398 0.526081 0.522712 0.524804 0.527944 0.528201 0.523135 0.525577
23.866163 0.522003 0.517367 0.520973 0.523603 0.523946 0.519140 0.523504
23.900928 0.518566 0.514577 0.517146 0.519683 0.520963 0.515506 0.517806
23.935693 0.515001 0.512044 0.513710 0.517148 0.517404 0.511283 0.515280
23.970458 0.511320 0.508448 0.509794 0.513967 0.513644 0.507837 0.511796
24.005223 0.507596 0.505703 0.505853 0.508674 0.510337 0.503772 0.508036
24.039988 0.504160 0.503271 0.502345 0.506677 0.506595 0.500652 0.503657
24.074753 0.500476 0.499588 0.498495 0.502398 0.503166 0.496595 0.501373
24.109518 0.497044 0.496994 0.494879 0.500181 0.499622 0.493281 0.496981
24.144283 0.493303 0.494266 0.490749 0.496618 0.495982 0.489687 0.492221
24.179048 0.489948 0.489987 0.487519 0.492047 0.492704 0.486462 0.488915
24.213813 0.486243 0.487218 0.483702 0.489305 0.489090 0.482211 0.486168
24.248578 0.482830 0.484842 0.480181 0.486613 0.485317 0.479365 0.482375
24.283343 0.479011 0.481333 0.476081 0.481851 0.481713 0.475824 0.476736
24.318108 0.475590 0.477800 0.472602 0.477896 0.478372 0.472288 0.474577
24.352873 0.472075 0.474607 0.469205 0.476077 0.474500 0.469097 0.469502
24.387638 0.468267 0.470726 0.465343 0.471712 0.470751 0.465222 0.466916
24.422403 0.464963 0.467815 0.461807 0.468560 0.467129 0.462521 0.465046
24.457168 0.461307 0.464801 0.457925 0.465796 0.463553 0.458876 0.459400
24.491933 0.457996 0.461624 0.454750 0.461756 0.460283 0.455560 0.455718
24.526698 0.454241 0.457463 0.450983 0.458518 0.456428 0.451967 0.451717
24.561463 0.450814 0.454769 0.447886 0.455103 0.452683 0.448583 0.449627
24.596228 0.447214 0.450801 0.444512 0.451167 0.449049 0.445218 0.443956
24.630993 0.443624 0.447969 0.440761 0.447870 0.445434 0.441637 0.440628
24.665758 0.440150 0.443609 0.437433 0.444984 0.441519 0.438854 0.437222
24.700523 0.436648 0.439552 0.433780 0.441525 0.438119 0.435199 0.434985
24.735288 0.432932 0.435651 0.430273 0.438030 0.434397 0.431307 0.430851
24.770053 0.429553 0.432377 0.427247 0.435028 0.430776 0.428108 0.426221
24.804818 0.425900 0.428508 0.423799 0.430709 0.427213 0.424138 0.423568
24.839583 0.422461 0.425785 0.420135 0.427871 0.423509 0.421206 0.420190
24.874348 0.418995 0.421247 0.417143 0.423637 0.419879 0.417934 0.416609
24.909113 0.415568 0.417476 0.414280 0.419775 0.416169 0.414733 0.412630
24.943878 0.411949 0.414096 0.410522 0.416001 0.412409 0.411467 0.409632
24.978643 0.408601 0.410530 0.407636 0.412833 0.408947 0.407928 0.405785
25.013408 0.405194 0.406818 0.404517 0.408876 0.405200 0.405039 0.402763
25.048173 0.401680 0.402442 0.401156 0.404912 0.401768 0.401555 0.398253
25.082938 0.398358 0.398228 0.397840 0.401456 0.398258 0.398621 0.395945
25.117703 0.394741 0.395093 0.394706 0.397467 0.394507 0.395003 0.390876
25.152468 0.391512 0.390918 0.391332 0.393870 0.391017 0.392396 0.389662
25.187233 0.388117 0.388070 0.388214 0.390808 0.387373 0.389228 0.385009
25.221998 0.384885 0.384920 0.385366 0.386110 0.383974 0.386387 0.381127
25.256763 0.381660 0.381151 0.382207 0.383602 0.380477 0.383437 0.378619
25.291528 0.378188 0.377434 0.379483 0.378999 0.377051 0.379546 0.374267
25.326293 0.375037 0.372696 0.376188 0.375913 0.373849 0.376899 0.370527
25.361058 0.371603 0.370184 0.372696 0.372192 0.370285 0.373537 0.368718
25.395823 0.368390 0.365834 0.370042 0.368832 0.366948 0.370400 0.363825
25.430588 0.365127 0.363117 0.366827 0.364889 0.363549 0.367399 0.361066
25.465353 0.361858 0.359754 0.363547 0.361799 0.360194 0.364311 0.357574
25.500118 0.358712 0.356712 0.360596 0.357714 0.357015 0.361331 0.353837
25.534883 0.355693 0.353752 0.357587 0.354485 0.354013 0.358220 0.351560
25.569648 0.352425 0.349918 0.354252 0.350956 0.350748 0.355147 0.348318
25.604413 0.349312 0.347178 0.351407 0.348018 0.347430 0.352051 0.345470
25.639178 0.346289 0.343475 0.348288 0.344846 0.344405 0.349278 0.342216
25.673943 0.343040 0.340425 0.345160 0.341224 0.341207 0.345851 0.339141
25.708708 0.339875 0.337243 0.341710 0.338224 0.338152 0.342729 0.335853
25.743473 0.337052 0.333522 0.338993 0.335416 0.335145 0.340102 0.334444
25.778238 0.333818 0.330264 0.336173 0.331902 0.331886 0.336641 0.330684
25.813003 0.330685 0.326535 0.333180 0.329158 0.328541 0.333678 0.328299
25.847768 0.327656 0.324149 0.329832 0.325841 0.325705 0.330475 0.326044
25.882533 0.324619 0.321617 0.326821 0.322502 0.322625 0.327432 0.323643
25.917298 0.321673 0.317990 0.323723 0.319570 0.319716 0.324378 0.322819
25.952063 0.318701 0.314937 0.320751 0.316897 0.316799 0.321256 0.319654
25.986828 0.315600 0.311436 0.317634 0.313088 0.313940 0.317913 0.316564
26.021593 0.312624 0.309310 0.314392 0.310161 0.310859 0.315134 0.314862
26.056357 0.309613 0.306629 0.311804 0.306292 0.307860 0.311817 0.312141
26.091122 0.306676 0.303171 0.308496 0.304484 0.304920 0.309037 0.309212
26.125887 0.303595 0.300342 0.305558 0.300738 0.302110 0.305283 0.307109
26.160652 0.300637 0.297679 0.302386 0.297208 0.299358 0.302282 0.303757
26.195417 0.297591 0.294456 0.299313 0.293439 0.296331 0.299327 0.301536
26.230182 0.294677 0.292001 0.296431 0.291134 0.293530 0.295837 0.299487
26.264947 0.291775 0.289563 0.293390 0.288431 0.290695 0.292993 0.295276
26.299712 0.288786 0.285237 0.290232 0.285398 0.287866 0.289835 0.293876
26.334477 0.285778 0.283650 0.286960 0.281833 0.285097 0.286633 0.290402
26.369242 0.282835 0.281438 0.283901 0.278667 0.282338 0.283353 0.287860
26.404007 0.279847 0.278317 0.281084 0.276437 0.279385 0.279967 0.284751
26.438772 0.276892 0.275582 0.277661 0.272697 0.276709 0.277066 0.281984
26.473537 0.274100 0.273764 0.274824 0.270006 0.273937 0.274060 0.279767
26.508302 0.270858 0.270875 0.271590 0.266334 0.270817 0.270734 0.275683
26.543067 0.268072 0.267896 0.268424 0.263752 0.268312 0.267539 0.274474
26.577832 0.265005 0.264373 0.265337 0.260634 0.265427 0.264252 0.270973
26.612597 0.262055 0.262177 0.262297 0.258466 0.262561 0.261121 0.266553
26.647362 0.259093 0.259772 0.259148 0.254979 0.259873 0.257928 0.263055
26.682127 0.256030 0.257322 0.256059 0.252033 0.256872 0.254650 0.260068
26.716892 0.253022 0.253972 0.252984 0.249806 0.253961 0.251436 0.256457
26.751657 0.249968 0.251991 0.249850 0.247155 0.250891 0.248380 0.252438
26.786422 0.247063 0.248939 0.246695 0.244400 0.248154 0.245336 0.249808
26.821187 0.243953 0.246664 0.243201 0.241446 0.245108 0.242319 0.246845
26.855952 0.240979 0.243185 0.240507 0.239020 0.242130 0.239091 0.243154
26.890717 0.238102 0.241456 0.237415 0.236904 0.239169 0.236214 0.240679
26.925482 0.235122 0.238406 0.234086 0.234048 0.236415 0.233331 0.235933
26.960247 0.232254 0.234559 0.231272 0.231105 0.233506 0.230491 0.234176
26.995012 0.229277 0.232408 0.228200 0.228401 0.230474 0.227578 0.230950
27.029777 0.226369 0.229839 0.224896 0.225395 0.227787 0.224628 0.227891
27.064542 0.223409 0.227186 0.221999 0.223053 0.224640 0.221640 0.226086
27.099307 0.220494 0.224022 0.219085 0.219772 0.221818 0.218755 0.222408
27.134072 0.217669 0.221173 0.216175 0.217290 0.218798 0.216251 0.220159
27.168837 0.214874 0.219231 0.213206 0.215006 0.215817 0.213728 0.217676
27.203602 0.211946 0.216170 0.210233 0.211759 0.212931 0.210765 0.215484
27.238367 0.209133 0.212900 0.207481 0.209372 0.209963 0.208198 0.212320
27.273132 0.206301 0.210211 0.204529 0.206535 0.207307 0.205008 0.210335
27.307897 0.203519 0.207631 0.201767 0.203890 0.204283 0.202667 0.207298
27.342662 0.200696 0.204077 0.198983 0.200945 0.201534 0.199840 0.203947
27.377427 0.197882 0.201077 0.196082 0.198614 0.198688 0.196993 0.201845
27.412192 0.195117 0.198772 0.193259 0.195390 0.195960 0.194225 0.199450
27.446957 0.192351 0.195651 0.190600 0.192782 0.193180 0.191489 0.195837
27.481722 0.189641 0.192347 0.187886 0.189860 0.190471 0.188888 0.193293
27.516487 0.186900 0.189111 0.185223 0.187622 0.187673 0.186250 0.189477
27.551252 0.184012 0.187271 0.182635 0.184670 0.184726 0.183117 0.186198
27.586017 0.181319 0.183235 0.179988 0.182454 0.181889 0.180657 0.183976
27.620782 0.178633 0.180546 0.177433 0.179679 0.179192 0.177907 0.181083
27.655547 0.175966 0.177751 0.174667 0.177375 0.176564 0.175299 0.177532
27.690312 0.173339 0.175232 0.172343 0.174553 0.173545 0.173118 0.175458
27.725077 0.170648 0.171911 0.169841 0.172311 0.170990 0.170105 0.171403
27.759842 0.168000 0.169870 0.166880 0.170087 0.168369 0.167561 0.168534
27.794607 0.165465 0.167054 0.164686 0.167656 0.165721 0.164948 0.165779
27.829372 0.162868 0.163747 0.162235 0.164734 0.163081 0.162527 0.162658
27.864137 0.160392 0.161109 0.159954 0.162377 0.160536 0.160012 0.159955
27.898902 0.157844 0.158799 0.157691 0.160260 0.157823 0.157418 0.157020
27.933667 0.155316 0.156580 0.155092 0.157321 0.155302 0.155080 0.153958
27.968432 0.152773 0.153227 0.152657 0.154797 0.152788 0.152466 0.151398
28.003197 0.150465 0.150282 0.150466 0.152339 0.150444 0.150344 0.148207
28.037962 0.147945 0.148030 0.148148 0.149530 0.147856 0.147793 0.145706
28.072727 0.145499 0.145760 0.145668 0.147571 0.145334 0.145373 0.143405
28.107492 0.143114 0.143289 0.143426 0.144707 0.142966 0.143013 0.140422
28.142257 0.140733 0.140196 0.141172 0.142091 0.140536 0.140778 0.137850
28.177022 0.138359 0.139150 0.138782 0.139601 0.138131 0.138321 0.135647
28.211787 0.136188 0.136114 0.136711 0.137217 0.135975 0.136195 0.133371
28.246552 0.133680 0.133685 0.134295 0.134521 0.133428 0.133766 0.130441
28.281317 0.131396 0.131569 0.132168 0.131974 0.131182 0.131375 0.127500
28.316082 0.129037 0.128661 0.129850 0.129179 0.128762 0.129204 0.125685
28.350847 0.126707 0.126511 0.127495 0.127116 0.126375 0.126941 0.123203
28.385612 0.124540 0.124159 0.125182 0.124478 0.124304 0.124828 0.121369
28.420377 0.122302 0.122203 0.122941 0.122189 0.122021 0.122735 0.118549
28.455142 0.120037 0.119638 0.120603 0.119938 0.119808 0.120452 0.116452
28.489907 0.117886 0.117974 0.118611 0.117417 0.117602 0.118318 0.114036
28.524672 0.115658 0.115465 0.116457 0.115133 0.115308 0.116095 0.112616
28.559437 0.113405 0.113360 0.114006 0.112562 0.113237 0.113820 0.109702
28.594202 0.111302 0.111158 0.112078 0.110158 0.111049 0.111802 0.107595
28.628967 0.109145 0.109037 0.109752 0.107946 0.108948 0.109808 0.104628
28.663731 0.107027 0.107006 0.107824 0.106011 0.106646 0.107701 0.103399
28.698496 0.104828 0.104427 0.105653 0.103796 0.104477 0.105483 0.101062
28.733261 0.102787 0.102591 0.103491 0.101665 0.102429 0.103584 0.098964
28.768026 0.100694 0.100229 0.101359 0.099500 0.100375 0.101486 0.096993
28.802791 0.098803 0.098397 0.099484 0.097489 0.098502 0.099526 0.095435
28.837556 0.096826 0.095852 0.097590 0.095594 0.096523 0.097492 0.093688
28.872321 0.095101 0.094519 0.095673 0.093843 0.094778 0.095957 0.091935
28.907086 0.093267 0.092550 0.093870 0.092315 0.093044 0.093813 0.090271
28.941851 0.091611 0.091081 0.092233 0.090642 0.091328 0.092214 0.088796
28.976616 0.089981 0.089163 0.090309 0.089215 0.089800 0.090617 0.087515
29.011381 0.088325 0.087361 0.088881 0.087414 0.088087 0.088869 0.086116
29.046146 0.086704 0.086164 0.087217 0.086111 0.086440 0.087185 0.084711
29.080911 0.085169 0.084523 0.085602 0.084834 0.084910 0.085582 0.083857
29.115676 0.083585 0.082987 0.084057 0.083287 0.083313 0.083950 0.082417
29.150441 0.082059 0.081297 0.082404 0.081939 0.081844 0.082358 0.081344
29.185206 0.080605 0.079713 0.080992 0.080285 0.080393 0.080951 0.079663
29.219971 0.079165 0.078369 0.079466 0.079112 0.079023 0.079329 0.078622
29.254736 0.077759 0.077220 0.077994 0.077871 0.077693 0.077782 0.077076
29.289501 0.076351 0.075427 0.076518 0.076836 0.076246 0.076472 0.075666
29.324266 0.075010 0.074095 0.075135 0.075583 0.074935 0.075106 0.074227
29.359031 0.073591 0.072859 0.073730 0.073984 0.073509 0.073677 0.073051
29.393796 0.072226 0.071404 0.072364 0.072532 0.072280 0.072067 0.071748
29.428561 0.070936 0.069911 0.071056 0.071338 0.070877 0.071026 0.070410
29.463326 0.069683 0.068794 0.069650 0.070336 0.069749 0.069614 0.069047
29.498091 0.068411 0.067380 0.068316 0.069123 0.068446 0.068487 0.067610
29.532856 0.067197 0.066093 0.067301 0.068229 0.067213 0.067031 0.066467
29.567621 0.065953 0.065362 0.065850 0.066633 0.066076 0.065797 0.065274
29.602386 0.064724 0.063532 0.064590 0.065963 0.064808 0.064618 0.063998
29.637151 0.063562 0.062662 0.063471 0.064569 0.063676 0.063378 0.062839
29.671916 0.062305 0.061556 0.062073 0.063297 0.062483 0.062087 0.061826
29.706681 0.061154 0.060071 0.060892 0.062378 0.061310 0.061007 0.060584
29.741446 0.060006 0.058978 0.059760 0.061198 0.060212 0.059758 0.059308
29.776211 0.058780 0.057437 0.058579 0.059965 0.059002 0.058471 0.058261
29.810976 0.057759 0.056658 0.057467 0.059020 0.057994 0.057509 0.056904
29.845741 0.056616 0.056003 0.056353 0.057532 0.056822 0.056410 0.055848
29.880506 0.055525 0.054697 0.055193 0.056548 0.055807 0.055213 0.054948
29.915271 0.054459 0.054407 0.054138 0.055563 0.054716 0.054086 0.053766
29.950036 0.053336 0.052873 0.053009 0.054685 0.053556 0.053003 0.052852
29.984801 0.052262 0.052018 0.051924 0.053601 0.052507 0.051870 0.051741
30.019566 0.051273 0.050775 0.050989 0.052485 0.051501 0.050942 0.050638
30.054331 0.050286 0.050072 0.049921 0.051494 0.050515 0.049941 0.050099
30.089096 0.049235 0.049123 0.048896 0.050270 0.049462 0.048863 0.049344
30.123861 0.048226 0.048112 0.047937 0.049343 0.048406 0.047906 0.048109
30.158626 0.047274 0.047093 0.046987 0.048314 0.047482 0.046905 0.047276
30.193391 0.046357 0.046530 0.046110 0.047377 0.046521 0.045978 0.046513
30.228156 0.045387 0.045803 0.044974 0.046260 0.045543 0.045159 0.045833
30.262921 0.044497 0.044916 0.044225 0.045197 0.044687 0.044154 0.044567
30.297686 0.043575 0.043966 0.043248 0.044493 0.043721 0.043312 0.043746
30.332451 0.042718 0.042791 0.042421 0.043223 0.042884 0.042473 0.043336
30.367216 0.041818 0.042224 0.041498 0.042395 0.041942 0.041619 0.042448
30.401981 0.041010 0.041326 0.040788 0.041461 0.041133 0.040766 0.041561
30.436746 0.040134 0.040704 0.039836 0.040620 0.040316 0.039818 0.040597
30.471511 0.039274 0.039595 0.039092 0.039488 0.039385 0.039075 0.039802
30.506276 0.038469 0.038623 0.038263 0.038692 0.038586 0.038305 0.038941
30.541041 0.037677 0.038048 0.037474 0.037735 0.037808 0.037488 0.038221
30.575806 0.036909 0.037263 0.036853 0.036952 0.037005 0.036682 0.037227
30.610571 0.036188 0.036655 0.036026 0.036277 0.036282 0.036014 0.036732
30.645336 0.035373 0.035785 0.035218 0.035173 0.035533 0.035153 0.035814
30.680101 0.034648 0.034850 0.034550 0.034494 0.034734 0.034534 0.035071
30.714866 0.033942 0.034362 0.033827 0.033753 0.033990 0.033885 0.034521
30.749631 0.033211 0.033348 0.033093 0.033072 0.033311 0.033080 0.033737
30.784396 0.032523 0.032693 0.032461 0.032189 0.032610 0.032414 0.033008
30.819161 0.031801 0.031990 0.031786 0.031515 0.031871 0.031704 0.031972
30.853926 0.031132 0.031151 0.031187 0.030672 0.031162 0.031109 0.031303
30.888691 0.030442 0.030410 0.030418 0.029855 0.030555 0.030363 0.030650
30.923456 0.029828 0.029877 0.029871 0.029191 0.029879 0.029806 0.030075
30.958221 0.029174 0.029387 0.029258 0.028579 0.029201 0.029137 0.029330
30.992986 0.028549 0.028693 0.028582 0.027898 0.028575 0.028557 0.028951
31.027751 0.027899 0.027759 0.027978 0.027113 0.027885 0.028036 0.028081
31.062516 0.027302 0.027207 0.027402 0.026620 0.027269 0.027452 0.027306
31.097281 0.026691 0.026692 0.026827 0.025897 0.026609 0.026919 0.026672
31.132046 0.026124 0.026082 0.026288 0.025321 0.026021 0.026365 0.026202
31.166811 0.025501 0.025625 0.025652 0.024694 0.025365 0.025824 0.025373
31.201576 0.024921 0.024983 0.025058 0.024152 0.024780 0.025286 0.024622
31.236340 0.024359 0.024280 0.024489 0.023736 0.024208 0.024728 0.024110
31.271105 0.023798 0.023875 0.023975 0.022942 0.023626 0.024216 0.023429
31.305870 0.023252 0.023099 0.023325 0.022595 0.023060 0.023778 0.022995
31.340635 0.022721 0.022665 0.022877 0.022093 0.022502 0.023228 0.022240
31.375400 0.022148 0.022080 0.022412 0.021497 0.021856 0.022708 0.021600
31.410165 0.021667 0.021665 0.021801 0.021000 0.021431 0.022216 0.021303
31.444930 0.021095 0.021298 0.021306 0.020399 0.020800 0.021663 0.020797
31.479695 0.020548 0.020642 0.020749 0.020016 0.020261 0.021068 0.020357
31.514460 0.020084 0.020160 0.020324 0.019518 0.019790 0.020586 0.019891
31.549225 0.019563 0.019648 0.019753 0.018966 0.019253 0.020108 0.019732
31.583990 0.019040 0.019013 0.019272 0.018514 0.018727 0.019529 0.019366
31.618755 0.018572 0.018651 0.018779 0.018042 0.018266 0.019038 0.019068
31.653520 0.018049 0.018162 0.018214 0.017623 0.017742 0.018526 0.018580
31.688285 0.017601 0.017794 0.017804 0.017217 0.017281 0.018017 0.018337
31.723050 0.017132 0.017227 0.017365 0.016752 0.016820 0.017519 0.017810
31.757815 0.016661 0.016706 0.016866 0.016347 0.016377 0.016983 0.017573
31.792580 0.016206 0.016409 0.016380 0.015819 0.015953 0.016488 0.017198
31.827345 0.015785 0.015968 0.015958 0.015509 0.015565 0.015964 0.016858
31.862110 0.015345 0.015549 0.015492 0.014973 0.015113 0.015562 0.016700
31.896875 0.014889 0.015098 0.015085 0.014548 0.014681 0.015003 0.016205
31.931640 0.014498 0.014517 0.014653 0.014204 0.014319 0.014574 0.016079
31.966405 0.014060 0.014388 0.014132 0.013866 0.013902 0.014122 0.015573
32.001170 0.013655 0.013740 0.013666 0.013555 0.013523 0.013722 0.015255
32.035935 0.013269 0.013604 0.013332 0.013130 0.013136 0.013288 0.014693
32.070700 0.012861 0.012914 0.012914 0.012615 0.012754 0.012883 0.014429
32.105465 0.012517 0.012653 0.012526 0.012393 0.012454 0.012467 0.013965
32.140230 0.012124 0.012234 0.012129 0.012085 0.012057 0.012082 0.013473
32.174995 0.011738 0.011930 0.011769 0.011643 0.011695 0.011620 0.013146
32.209760 0.011411 0.011519 0.011361 0.011276 0.011403 0.011362 0.012498
32.244525 0.011036 0.011031 0.010971 0.010968 0.011060 0.010942 0.012067
32.279290 0.010710 0.010876 0.010607 0.010734 0.010753 0.010590 0.011590
32.314055 0.010385 0.010548 0.010303 0.010355 0.010412 0.010302 0.011157
32.348820 0.010017 0.010186 0.009927 0.010029 0.010052 0.009942 0.010584
32.383585 0.009716 0.009839 0.009599 0.009766 0.009786 0.009616 0.010099
32.418350 0.009395 0.009515 0.009295 0.009501 0.009457 0.009305 0.009566
32.453115 0.009101 0.009183 0.009002 0.009186 0.009184 0.008978 0.009297
32.487880 0.008790 0.008914 0.008666 0.008847 0.008873 0.008699 0.008921
32.522645 0.008509 0.008653 0.008365 0.008633 0.008609 0.008403 0.008515
32.557410 0.008231 0.008304 0.008107 0.008458 0.008321 0.008119 0.008156
32.592175 0.007934 0.008100 0.007814 0.008069 0.008024 0.007838 0.007802
32.626940 0.007660 0.007718 0.007535 0.007912 0.007749 0.007556 0.007514
32.661705 0.007391 0.007315 0.007276 0.007548 0.007485 0.007318 0.007162
32.696470 0.007125 0.007135 0.007023 0.007357 0.007218 0.007020 0.006817
32.731235 0.006859 0.006903 0.006785 0.007084 0.006936 0.006764 0.006492
32.766000 0.006613 0.006670 0.006505 0.006805 0.006710 0.006501 0.006377
32.800765 0.006366 0.006340 0.006288 0.006691 0.006440 0.006265 0.006002
32.835530 0.006114 0.006063 0.006026 0.006355 0.006195 0.006015 0.005854
32.870295 0.005881 0.005818 0.005808 0.006157 0.005961 0.005768 0.005595
32.905060 0.005650 0.005618 0.005596 0.005932 0.005709 0.005554 0.005362
32.939825 0.005444 0.005460 0.005395 0.005647 0.005504 0.005362 0.005087
32.974590 0.005206 0.005065 0.005128 0.005407 0.005286 0.005126 0.004930
33.009355 0.004989 0.004914 0.004944 0.005214 0.005056 0.004889 0.004697
33.044120 0.004784 0.004706 0.004736 0.005018 0.004838 0.004701 0.004573
33.078885 0.004586 0.004473 0.004538 0.004794 0.004657 0.004468 0.004483
33.113650 0.004374 0.004211 0.004352 0.004645 0.004423 0.004280 0.004135
33.148415 0.004190 0.004154 0.004128 0.004411 0.004246 0.004099 0.004099
33.183180 0.003975 0.003847 0.003938 0.004172 0.004031 0.003883 0.003859
33.217945 0.003799 0.003705 0.003772 0.004022 0.003842 0.003719 0.003619
33.252710 0.003626 0.003434 0.003594 0.003830 0.003679 0.003540 0.003512
33.287475 0.003431 0.003163 0.003397 0.003625 0.003476 0.003380 0.003262
33.322240 0.003271 0.003026 0.003248 0.003450 0.003308 0.003218 0.003156
33.357005 0.003089 0.002954 0.003069 0.003241 0.003125 0.003036 0.002926
33.391770 0.002934 0.002726 0.002908 0.003098 0.002982 0.002872 0.002763
33.426535 0.002771 0.002603 0.002744 0.002942 0.002813 0.002711 0.002613
33.461300 0.002619 0.002459 0.002588 0.002756 0.002666 0.002564 0.002438
33.496065 0.002477 0.002286 0.002448 0.002610 0.002532 0.002411 0.002302
33.530830 0.002319 0.002115 0.002301 0.002448 0.002362 0.002258 0.002210
33.565595 0.002193 0.002003 0.002182 0.002307 0.002229 0.002143 0.002052
33.600360 0.002057 0.001940 0.002037 0.002166 0.002101 0.002006 0.001822
33.635125 0.001919 0.001760 0.001910 0.002025 0.001958 0.001871 0.001675
33.669890 0.001804 0.001628 0.001808 0.001891 0.001841 0.001750 0.001621
33.704655 0.001677 0.001548 0.001680 0.001749 0.001711 0.001633 0.001452
33.739420 0.001565 0.001443 0.001580 0.001637 0.001587 0.001522 0.001410
33.774185 0.001451 0.001302 0.001446 0.001546 0.001484 0.001413 0.001242
33.808950 0.001350 0.001250 0.001366 0.001387 0.001372 0.001314 0.001193
33.843714 0.001260 0.001127 0.001270 0.001309 0.001277 0.001237 0.001137
33.878479 0.001163 0.001066 0.001187 0.001200 0.001173 0.001138 0.001035
33.913244 0.001068 0.000933 0.001088 0.001118 0.001070 0.001058 0.000986
33.948009 0.000982 0.000878 0.001007 0.000998 0.000988 0.000966 0.000887
33.982774 0.000898 0.000785 0.000916 0.000942 0.000899 0.000885 0.000857
34.017539 0.000827 0.000726 0.000846 0.000831 0.000827 0.000823 0.000797
34.052304 0.000746 0.000676 0.000771 0.000743 0.000739 0.000745 0.000735
34.087069 0.000682 0.000589 0.000685 0.000699 0.000679 0.000694 0.000685
34.121834 0.000612 0.000536 0.000631 0.000603 0.000603 0.000621 0.000616
34.156599 0.000551 0.000478 0.000567 0.000541 0.000543 0.000557 0.000578
34.191364 0.000487 0.000418 0.000497 0.000484 0.000478 0.000501 0.000512
34.226129 0.000431 0.000338 0.000449 0.000426 0.000419 0.000447 0.000462
34.260894 0.000379 0.000293 0.000388 0.000372 0.000368 0.000395 0.000439
34.295659 0.000330 0.000267 0.000346 0.000311 0.000317 0.000347 0.000375
34.330424 0.000285 0.000222 0.000298 0.000260 0.000274 0.000299 0.000372
34.365189 0.000242 0.000173 0.000255 0.000209 0.000232 0.000254 0.000328
34.399954 0.000201 0.000157 0.000205 0.000182 0.000193 0.000215 0.000275
34.434719 0.000165 0.000143 0.000175 0.000144 0.000157 0.000169 0.000235
34.469484 0.000133 0.000101 0.000139 0.000114 0.000126 0.000139 0.000214
34.504249 0.000104 0.000082 0.000105 0.000097 0.000100 0.000109 0.000176
34.539014 0.000077 0.000067 0.000082 0.000070 0.000073 0.000076 0.000126
34.573779 0.000055 0.000040 0.000062 0.000045 0.000051 0.000056 0.000100
34.608544 0.000038 0.000029 0.000042 0.000035 0.000035 0.000038 0.000055
34.643309 0.000022 0.000022 0.000023 0.000021 0.000020 0.000022 0.000039
34.678074 0.000012 0.000008 0.000013 0.000009 0.000011 0.000013 0.000013
34.712839 0.000004 0.000003 0.000004 0.000004 0.000004 0.000004 0.000010
34.747604 0.000001 0.000000 0.000000 0.000001 0.000000 0.000001 0.000002
